-30 0
0 60
-28 -32
-6 -2
-41 7
-27 -7
-6 27
-57 1
8 36
-10 -5
-36 4
-35 1
-32 30
15 39
-22 -23
-5 18
43 52
-46 26
-65 0
7 47
51 7
-19 -2
-16 -17
3 -52
-11 -22
36 -31
-40 29
7 15
31 -33
15 -22
-35 -36
-40 -16
-8 16
14 -59
57 3
-23 -15
4 -14
-22 -28
-61 -2
30 -1
-38 -15
22 3
-36 31
6 35
-27 20
-17 10
30 0
-33 3
4 -7
-31 -16
-9 -23
43 -28
11 -38
-47 18
14 -37
19 -37
17 -9
5 -59
-34 26
13 -26
-46 -6
-13 -20
-4 37
18 38
2 57
-8 68
-11 47
-17 46
-28 33
-44 7
-5 10
16 -33
58 7
4 15
40 26
23 -38
23 18
31 43
-1 52
-52 4
-16 -42
27 4
52 18
25 -37
13 15
-37 2
30 11
26 -38
51 -1
46 -24
35 21
-15 48
1 -30
34 12
31 -22
-28 -31
-32 -1
9 20
6 -63
14 -21
34 14
-46 -43
7 -18
-35 3
11 -15
-43 -19
-43 -24
-48 15
-53 8
17 40
-12 46
40 11
12 36
6 12
-6 64
-47 -17
45 8
-3 23
10 9
32 34
44 -8
-37 33
26 -33
31 12
14 -49
54 -7
28 -42
1 -47
-12 -61
2 15
30 25
-18 -33
45 11
-3 -44
13 30
1 2
-22 -18
-25 34
34 26
-4 17
1 -16
-13 -7
11 39
-17 -30
-36 34
45 -15
-41 -23
26 -61
28 23
36 23
-43 43
9 21
41 48
27 37
-49 22
-9 -5
-23 42
-23 -42
41 28
-40 46
27 -17
17 52
39 18
13 -3
-36 31
13 62
-18 -8
44 -16
26 -17
39 -39
40 21
-25 -33
8 51
31 39
49 8
15 -58
-34 27
-12 -42
-15 46
-52 15
-41 -15
1 49
-19 -39
-3 -13
18 -34
16 -4
5 -1
29 13
4 -46
7 -32
3 -33
27 36
64 14
-3 1
29 -33
51 12
-20 38
26 34
4 8
-12 24
49 12
29 47
-53 -1
38 -35
-46 22
44 21
34 34
-22 7
13 -47
0 47
21 -39
7 -48
6 20
18 -28
9 -44
-25 -26
50 -1
-22 -41
3 28
-14 -27
50 8
-2 -27
5 34
-16 13
9 19
-19 -6
38 22
-58 27
26 32
25 9
-18 41
-28 -29
-33 0
52 -12
14 32
-34 36
-4 48
-30 -19
14 9
37 -2
25 -19
-13 25
-63 12
-8 35
-38 11
5 22
35 -14
4 4
29 -37
13 -37
-40 12
-12 -32
21 -1
36 -12
-10 51
-12 -41
-25 -42
41 26
27 -21
-14 7
-30 3
52 7
1 -1
-11 2
29 56
44 27
-42 -14
-33 -30
-24 -39
-13 0
-22 -43
36 -15
-3 9
-4 12
8 -50
-17 8
-20 1
-27 -30
25 31
-36 28
-9 4
7 30
-46 -10
7 38
-8 -24
-30 -43
32 25
-28 3
50 -17
60 1
22 -38
-22 -50
14 48
60 -11
8 -8
-25 -40
-12 -28
33 44
-9 -36
-12 26
-4 13
16 -6
-9 46
43 18
-4 -7
-28 -1
-13 -27
12 32
-13 -21
28 -52
23 -35
-26 8
-18 42
49 -14
-55 -26
7 -52
-34 -5
21 -2
-1 21
36 -51
27 -57
19 -18
-18 42
48 13
-9 -58
9 -8
-29 -38
-3 41
44 1
39 -4
-40 35
10 -12
1 -11
39 16
14 2
17 50
-2 -52
11 50
-37 -3
0 34
39 -18
-29 33
-7 -8
-12 -15
-39 21
22 -29
12 21
-8 -3
42 -16
-30 -39
-40 -24
7 -48
-9 -37
-9 -67
-27 21
33 -10
-11 14
-15 -9
-32 -32
-18 -31
20 -1
-37 32
42 35
-16 -23
48 36
-60 1
-17 -20
18 -6
-45 -16
-45 18
-33 -5
4 10
-33 33
31 -4
-2 -47
36 -7
-5 -22
29 14
-19 -46
-5 3
16 -32
0 49
-3 -19
38 14
23 -42
-36 -33
38 22
48 4
13 -30
-13 -28
-18 22
18 -3
-49 8
15 -8
18 30
-9 -28
-50 7
-14 -21
-50 -20
-39 -13
47 -43
46 23
49 9
10 -2
-42 -20
15 -15
10 38
-7 -22
-25 25
3 -27
-51 48
-6 35
-34 30
-21 -11
-38 23
-17 27
-55 14
-32 43
-48 12
-7 1
4 -15
-23 -28
46 -24
32 16
14 17
20 -21
-56 -3
-10 0
-37 -16
7 -18
31 -20
0 5
1 -42
-46 -35
-14 16
-33 38
-8 -60
32 -7
-28 -1
-36 32
10 -45
59 -5
27 25
51 20
-13 -38
39 41
4 0
-15 43
44 13
-24 -35
8 5
-18 -6
48 -21
17 60
24 -33
16 0
-43 -8
-7 0
21 46
-37 -32
-2 -15
20 -12
53 15
-20 26
52 28
12 -18
36 -42
-19 -9
-27 -45
-56 -29
36 -24
18 6
6 33
-53 -10
12 2
14 20
45 36
-22 -30
-16 -45
5 -61
-7 61
-17 -25
-11 50
1 -38
18 -8
33 -17
31 -20
-19 -31
16 60
36 10
18 18
3 -4
6 9
25 -27
-4 -35
10 50
-3 16
-17 -32
-5 -55
21 12
-10 34
-19 1
12 -43
-16 -21
-33 45
0 54
38 25
-40 10
19 -10
-13 45
25 14
-7 -32
40 -36
0 -15
19 6
-23 4
-9 -1
-8 -23
2 -10
-6 -6
2 -22
15 -26
-43 -16
11 51
51 12
-1 14
-57 -36
4 37
-8 42
29 -12
27 2
-40 -15
-30 -18
31 -26
4 -22
21 19
-26 -47
-52 -15
21 37
22 -41
-30 -8
16 27
48 42
2 -39
26 -38
25 30
-43 43
23 -11
-16 -55
-2 46
-25 -54
44 -32
-22 38
21 24
-13 -18
-39 -1
-9 6
-32 -38
-24 48
-42 5
13 22
-34 59
-16 -22
37 -16
17 29
49 7
-46 6
35 -26
-10 5
11 -47
-46 -30
5 17
-14 -47
-14 21
-26 -41
-56 -19
-35 -4
42 24
-35 -17
-7 41
-46 -38
15 -30
-8 -23
25 21
11 19
43 2
17 -19
43 18
-2 14
18 -31
-40 11
45 36
11 5
-42 32
-7 -45
33 1
14 -36
-2 -23
-20 -58
20 -44
-10 -49
-26 56
5 11
17 -45
-9 -32
-29 -57
-19 -21
17 -59
-3 -46
42 1
-37 23
10 -18
28 28
4 62
41 -28
3 -5
-47 9
-2 23
-36 34
17 -17
-56 5
-38 31
8 65
-50 1
43 -11
39 8
-38 25
26 -16
9 -56
23 17
57 21
25 -3
-24 -48
-29 6
-3 20
-51 -32
-6 47
5 -41
-54 14
7 47
31 -21
11 43
-45 40
-39 12
56 -18
-6 56
36 -13
7 10
19 38
2 33
-9 30
65 -8
-38 -42
47 -16
12 -30
0 -29
-2 -19
43 15
-28 38
51 23
28 16
-5 5
36 38
42 -3
-43 17
-18 50
33 3
-28 -48
6 -50
35 29
-7 -21
-39 21
-21 -16
7 2
44 -47
-5 34
42 18
33 -13
-41 -28
-43 35
17 15
29 44
-25 21
-27 -26
45 21
34 -28
5 -66
-53 -18
31 40
21 -1
46 9
10 -25
12 34
34 31
9 -58
24 54
25 -2
5 21
-13 2
-22 -16
46 -22
20 54
-24 8
2 -45
2 -26
-9 36
46 -23
14 19
25 47
22 -1
-11 18
-41 24
-33 -28
-4 22
-25 -25
-19 -23
25 -30
-38 -14
-47 13
7 36
13 -51
6 -46
-40 -26
45 1
29 10
34 -45
-19 44
-22 -40
-18 25
0 -64
10 18
-4 -30
-31 4
3 -42
-38 -32
61 -6
39 32
-7 -27
-21 -22
24 -9
0 40
-33 33
9 20
50 -43
5 -50
7 11
-6 48
4 11
9 20
52 -12
-43 -2
46 -52
30 -14
33 27
36 16
8 32
-40 -12
0 -37
57 -34
5 -49
8 -32
24 -26
-1 -14
31 -12
-17 -36
36 -5
20 14
3 2
-20 -51
22 -8
-27 -21
-46 -30
37 16
-27 27
41 -11
17 -36
25 45
-40 -28
-24 -50
-50 -20
39 -39
-17 -40
39 -16
41 -24
-18 -47
-24 -26
-28 -39
-22 43
33 -47
-24 25
-11 7
-14 -30
3 34
1 -6
41 -52
42 -2
19 -9
26 25
3 -12
-7 -36
6 -45
-4 3
-3 -7
-1 -5
22 -12
-10 44
50 17
-45 -17
-27 34
-46 -16
23 -26
-25 1
11 26
12 55
6 -19
13 -1
48 28
13 16
-10 -30
-9 -42
46 14
-17 -45
-33 9
-2 -49
-24 -56
-42 -23
-15 -37
23 -31
-8 29
28 -4
-16 33
41 27
-14 -59
4 -7
40 -5
-22 20
32 -2
16 51
37 -13
-6 26
-6 15
-21 57
45 0
26 -1
7 38
22 -54
-6 23
-52 19
2 -28
-1 35
-8 34
-16 -32
34 -41
-41 -20
-28 -11
4 -53
-12 18
17 -36
16 -2
22 61
-15 49
13 -18
-3 64
35 -19
24 9
-30 17
42 4
37 11
-28 -9
-69 14
44 17
40 33
12 -27
21 -15
-26 -24
34 -22
-28 40
10 59
1 -4
10 36
-19 -3
59 15
-16 54
-34 -8
1 -29
16 5
-14 41
-29 -15
-17 -14
-47 36
-7 20
34 -47
-32 19
39 -8
-27 51
-18 -33
9 13
55 9
-9 -27
12 -51
-4 53
-51 -29
-2 9
-15 25
49 -10
22 -46
2 -50
24 -2
-36 -48
22 -46
44 5
-7 36
10 59
-29 28
-6 23
21 -48
33 1
-20 -10
-8 37
42 10
16 -42
62 -26
31 -51
6 11
-8 -41
-27 15
-10 -31
-19 12
37 40
39 -52
-34 2
24 -6
0 8
-14 3
12 -10
-43 32
34 -36
-23 -5
26 -33
-14 -24
41 34
2 29
49 10
32 -28
-4 -51
-12 23
56 19
-13 31
52 5
51 4
18 11
-11 -29
-49 -34
-19 5
-36 -30
10 -42
24 5
44 -22
29 33
-19 -46
33 -40
44 -24
43 42
-19 -36
16 -21
-13 6
-13 -13
28 -37
-25 -8
24 -5
-25 -13
-10 39
5 -26
-26 19
4 -9
61 -28
8 -19
-47 -32
-11 50
-3 41
-53 -36
-38 -29
-38 7
-14 25
30 -51
-45 0
-36 -27
27 3
16 35
32 24
-25 -44
14 -5
-5 -8
2 -9
-26 -35
45 11
-51 -9
-2 -42
-44 -6
-18 -38
6 36
-31 5
