0000000000000000
0001111011101101
0011110111011011
0101110011001000
0010010001110110
1110110000100101
1011001111010011
1111001000110101
0011000010010111
0110111011111001
0011010001001111
1111100110100100
1011111011111010
1110110100001110
0001101100100011
0100100100110111
0001010011011100
1110000010000001
1010110000100110
1100000011011110
1101010110010101
1110101001001101
1111100000010101
0000010111011110
0001001110100110
0010010011001010
0011010111101111
0100011100010011
0101011000010000
0110010100001110
0111010000001011
0100100010001011
0001110100001011
1111000110001011
1111010111010100
1111101000011110
1111111001100111
0001010100001001
0010101110101011
0100001001001101
0001100100010111
1110111111100000
1100011010101010
1110100110001100
0000110001101101
0010111101001111
0100010011111000
0101101010100010
0111000001001011
0101001100110010
0011011000011000
0001100011111111
1111001010101011
1100110001010111
1010011000000011
1110000101001000
0001110010001101
0101011111010010
0101011001011001
0101010011011111
0101001101100110
0001101001101010
1110000101101111
1010100001110011
1010010100011100
1010000111000101
1001111001101110
1100000100100010
1110001111010111
0000011010001011
0001011101101011
0010100001001010
0011100100101010
0000011101101010
1101010110101011
1010001111101011
1011110011011011
1101010111001100
1110111010111100
1111101100101001
0000011110010111
0001010000000100
0001011011001110
0001100110011000
0001110001100010
0001110010110001
0001110100000000
0001110101001111
1111011100110111
1101000100011111
1010101100000111
1101110000111101
0000110101110010
0011111010101000
0001100100110011
1111001110111110
1100111001001001
1011011001000100
1001111001000000
1000011000111011
1101001010101011
0001111100011010
0110101110001010
0101100010010111
0100010110100101
0011001010110010
0001010110011110
1111100010001011
1101101101110111
1101100001011011
1101010101000000
1101001000100100
1101101011110100
1110001111000011
1110110010010011
1110101011011100
1110100100100100
1110011101101101
1110110011010111
1111001001000001
1111011110101011
0000110100100010
0010001010011010
0011100000010001
0010001001111111
0000110011101110
1111011101011100
0000100000111000
0001100100010011
0010100111101111
0000000001000000
1101011010010001
1010110011100010
1110010010111101
0001110010011000
0101010001110011
0101101110111100
0110001100000110
0110101001001111
0110110100110000
0111000000010010
0111001011110011
0100011001111111
0001101000001010
1110110110010110
1110110110010111
1110110110010111
1110110110011000
1110101000100011
1110011010101111
1110001100111010
1111000000011011
1111110011111101
0000100111011110
0000110110010011
0001000101000111
0001010011111100
1110110101110011
1100010111101010
1001111001100001
1011000110111010
1100010100010011
1101100001101100
1100001001101001
1010110001100101
1001011001100010
1001001011001101
1000111100111001
1000101110100100
1101101011010100
0010101000000101
0111100100110101
0100100111010010
0001101001110000
1110101100001101
1110101011110100
1110101011011100
1110101011000011
0001101010100110
0100101010001001
0111101001101100
0110101100100011
0101101111011011
0100110010010010
0100001010110110
0011100011011011
0010111011111111
0000001110000100
1101100000001010
1010110010001111
1110001000101100
0001011111001010
0100110101100111
0100101011010000
0100100000111001
0100010110100010
0000100010101101
1100101110110111
1000111011000010
1100100101101111
0000010000011011
0011111011001000
0100111111111000
0110000100100111
0111001001010111
0111001101100011
0111010001101111
0111010101111011
0100100101011111
0001110101000011
1111000100100111
1101000111101100
1011001010110000
1001001101110101
1010011100001010
1011101010011110
1100111000110011
1110110010000101
0000101011010111
0010100100101001
0010100000111010
0010011101001011
0010011001011100
0001011100100011
0000011111101010
1111100010110001
1111110011000011
0000000011010110
0000010011101000
0000110000100001
0001001101011010
0001101010010011
0001110101001001
0001111111111110
0010001010110100
0010111001110111
0011101000111010
0100010111111101
0010001111001110
0000000110011110
1101111101101111
1100111111110001
1100000001110010
1011000011110100
1011011101010000
1011110110101011
1100010000000111
1101100111011111
1110111110110110
0000010110001110
1110110101110100
1101010101011001
1011110100111111
1011111000100011
1011111100001000
1011111111101100
1100000001000000
1100000010010101
1100000011101001
1011111111100000
1011111011010111
1011110111001110
1101000010011011
1110001101100111
1111011000110100
1101000011111111
1010101111001010
1000011010010101
1011100000011000
1110100110011011
0001101100011110
0010111110001010
0100001111110101
0101100001100001
0101101011000111
0101110100101110
0101111110010100
0001111101110101
1101111101010101
1001111100110110
1101000001011010
0000000101111101
0011001010100001
0100100100000000
0101111101011111
0111010110111110
0110000101110100
0100110100101010
0011100011100000
0000011010011111
1101010001011110
1010001000011101
1010000011011011
1001111110011010
1001111001011000
1001101010101110
1001011100000100
1001001101011010
