0010101011011000
0010111000101010
0011000101111100
0011010011001110
0011100000100001
0011101101110011
0011111011000101
0100001000010111
0100010101101010
0011001110001000
0010000110100110
0000111111000100
1111110111100010
1110110000000000
1101101000011110
1100100000111100
1011011001011010
1011101110101011
1100000011111011
1100011001001011
1100101110011011
1101000011101100
1101011000111100
1101101110001100
1110000011011100
1110111101000110
1111110110101111
0000110000010111
0001101010000000
0010100011101001
0011011101010010
0100010110111011
0101010000100101
0100000011011001
0010110110001110
0001101001000011
0000011011111000
1111001110101101
1110000001100010
1100110100010111
1011100111001011
1011100011100000
1011011111110100
1011011100001001
1011011000011101
1011010100110001
1011010001000110
1011001101011010
1011001001101110
1100000111000011
1101000100011000
1110000001101101
1110111111000010
1111111100010111
0000111001101100
0001110111000001
0010110100010110
0011011000111111
0011111101101000
0100100010010001
0101000110111010
0101101011100011
0110010000001100
0110110100110101
0111011001011111
0110001010110010
0100111100000110
0011101101011001
0010011110101101
0001010000000001
0000000001010100
1110110010101001
1101100011111100
