0000000000000000
0010111001100100
0101110011001000
0000100001001110
1011001111010011
0001000101100110
0110111011111001
0001011011111010
1011111011111010
0000010000011000
0100100100110111
1111101010101110
1010110000100110
1100101100111010
1110101001001101
1111111011111010
0001001110100110
0010110101011100
0100011100010011
0101110110001111
0111010000001011
0011001011001011
1111000110001011
1111011111111001
1111111001100111
0010000001011010
0100001001001101
0000010001111100
1100011010101010
1111101011111100
0010111101001111
0100111111001101
0111000001001011
0100010010100101
0001100011111111
1101111110000001
1010011000000011
1111111011101010
0101011111010010
0101010110011100
0101001101100110
1111110111101100
1010100001110011
1010001101110000
1001111001101110
1101001001111100
0000011010001011
0001111111011010
0011100100101010
1110111010001010
1010001111101011
1100100101010100
1110111010111100
0000000101100000
0001010000000100
0001100000110011
0001110001100010
0001110011011000
0001110101001111
1110010000101011
1010101100000111
1111010011011000
0011111010101000
0000011001111000
1100111001001001
1010101001000010
1000011000111011
1111100011100010
0110101110001010
0100111100011110
0011001010110010
0000011100010100
1101101101110111
1101011011001110
1101001000100100
1101111101011100
1110110010010011
1110101000000000
1110011101101101
1110111110001100
1111011110101011
0001011111011110
0011100000010001
0001011110110110
1111011101011100
0001000010100110
0010100111101111
1110101101101000
1010110011100010
0000000010101010
0101010001110011
0101111101100001
0110101001001111
0110111010100001
0111001011110011
0011000001000100
1110110110010110
1110110110010111
1110110110011000
1110100001101001
1110001100111010
1111011010001100
0000100111011110
0000111101101101
0001010011111100
1101100110101110
1001111001100001
1011101101100110
1101100001101100
1011011101100111
1001011001100010
1001000100000011
1000101110100100
0000001001101100
0111100100110101
0011001000100001
1110101100001101
1110101011101000
1110101011000011
0011001010011000
0111101001101100
0110001101111111
0100110010010010
0011110111001000
0010111011111111
1110110111000111
1010110010001111
1111110011111011
0100110101100111
0100100110000100
0100010110100010
1110101000110010
1000111011000010
1110011011000101
0011111011001000
0101100010010000
0111001001010111
0111001111101001
0111010101111011
0011001101010001
1111000100100111
1100001001001110
1001001101110101
1011000011010100
1100111000110011
1111101110101110
0010100100101001
0010011111000010
0010011001011100
0000111110000110
1111100010110001
1111111011001100
0000010011101000
0000111110111110
0001101010010011
0001111010100100
0010001010110100
0011010001011000
0100010111111101
0001001010110110
1101111101101111
1100100000110010
1011000011110100
1011101001111110
1100010000000111
1110010011001010
0000010110001110
1110000101100110
1011110100111111
1011111010010110
1011111111101100
1100000001101010
1100000011101001
1011111101011100
1011110111001110
1101101000000001
1111011000110100
1011111001100100
1000011010010101
1101000011011010
0001101100011110
0011100111000000
0101100001100001
0101101111111010
0101111110010100
1111111101100101
1001111100110110
1110100011101100
0011001010100001
0101010000110000
0111010110111110
0101011101001111
0011100011100000
1110110101111110
1010001000011101
1010000000111010
1001111001011000
1001100011011001
1001001101011010
