0000000000000000
0000110101000001
0001101010000010
0010011111000011
0011010100000101
0100001001000110
0100111110000111
0101110011001000
0100010010100101
0010110010000010
0001010001011111
1111110000111100
1110010000011001
1100101111110110
1011001111010011
1100111010001111
1110100101001100
0000010000001000
0001111011000100
0011100110000000
0101010000111101
0110111011111001
0101010111010101
0011110010110000
0010001110001100
0000101001100111
1111000101000011
1101100000011110
1011111011111010
1101001010111010
1110011001111001
1111101000111001
0000110111111000
0010000110111000
0011010101110111
0100100100110111
0011001011000111
0001110001010111
0000010111100111
1110111101110110
1101100100000110
1100001010010110
1010110000100110
1011010100000111
1011110111101000
1100011011001001
1100111110101010
1101100010001011
1110000101101100
1110101001001101
1111000000110101
1111011000011101
1111110000000101
0000000111101110
0000011111010110
0000110110111110
0001001110100110
0001101011111111
0010001001010111
0010100110110000
0011000100001001
0011100001100010
0011111110111010
0100011100010011
0100110110000000
0101001111101100
0101101001011001
0110000011000101
0110011100110010
0110110110011110
0111010000001011
0110000101100110
0100111011000010
0011110000011101
0010100101111001
0001011011010100
0000010000110000
1111000110001011
1111001101100001
1111010100111000
1111011100001110
1111100011100100
1111101010111010
1111110010010001
1111111001100111
0000100000011010
0001000111001101
0001101110000000
0010010100110100
0010111011100111
0011100010011010
0100001001001101
0011000010100011
0001111011111010
0000110101010000
1111101110100111
1110100111111101
1101100001010100
1100011010101010
1101010110011101
1110010010010000
1111001110000011
0000001001110110
0001000101101001
0010000001011100
0010111101001111
0011100010011000
0100000111100000
0100101100101001
0101010001110001
0101110110111010
0110011100000010
0111000001001011
0110001111010010
0101011101011010
0100101011100001
0011111001101001
0011000111110000
0010010101111000
0001100011111111
0000100010010010
1111100000100101
1110011110111000
1101011101001010
1100011011011101
1011011001110000
1010011000000011
1011111101101010
1101100011010000
1111001000110111
0000101110011110
0010010100000101
0011111001101011
0101011111010010
0101011100110000
0101011010001111
0101010111101101
0101010101001011
0101010010101001
0101010000001000
0101001101100110
0011101011111010
0010001010001110
0000101000100010
1111000110110111
1101100101001011
1100000011011111
1010100001110011
1010011100000101
1010010110010110
1010010000101000
1010001010111001
1010000101001011
1001111111011100
1001111001101110
1010110101001110
1011110000101101
1100101100001101
1101100111101100
1110100011001100
1111011110101011
0000011010001011
0000110111000110
0001010100000010
0001110000111101
0010001101111000
0010101010110011
0011000111101111
0011100100101010
0010001111011000
0000111010000110
1111100100110100
1110001111100001
1100111010001111
1011100100111101
1010001111101011
1010111010011011
1011100101001011
1100001111111011
1100111010101100
1101100101011100
1110010000001100
1110111010111100
1111010000001111
1111100101100011
1111111010110110
0000010000001010
0000100101011101
0000111010110001
0001010000000100
0001010100110110
0001011001101000
0001011110011010
0001100011001100
0001100111111110
0001101100110000
0001110001100010
0001110010000100
0001110010100110
0001110011001000
0001110011101001
0001110100001011
0001110100101101
0001110101001111
0000110011111100
1111110010101000
1110110001010101
1101110000000001
1100101110101110
1011101101011010
1010101100000111
1100000000011110
1101010100110101
1110101001001100
1111111101100011
0001010001111010
0010100110010001
0011111010101000
0010111010011010
0001111010001101
0000111001111111
1111111001110010
1110111001100100
1101111001010111
1100111001001001
1100001111111110
1011100110110011
1010111101101000
1010010100011100
1001101011010001
1001000010000110
1000011000111011
1010011011111101
1100011110111111
1110100010000001
0000100101000100
0010101000000110
0100101011001000
0110101110001010
0110001101101011
0101101101001100
0101001100101101
0100101100001111
0100001011110000
0011101011010001
0011001010110010
0010011000111100
0001100111000110
0000110101010000
0000000011011001
1111010001100011
1110011111101101
1101101101110111
1101101000100010
1101100011001101
1101011101111000
1101011000100011
1101010011001110
1101001101111001
1101001000100100
1101010111101011
1101100110110001
1101110101111000
1110000100111111
1110010100000110
1110100011001100
1110110010010011
1110101111010111
1110101100011010
1110101001011110
1110100110100010
1110100011100110
1110100000101001
1110011101101101
1110100110111111
1110110000010001
1110111001100011
1111000010110101
1111001100000111
1111010101011001
1111011110101011
0000000011011110
0000101000010001
0001001101000100
0001110001111000
0010010110101011
0010111011011110
0011100000010001
0010111011010011
0010010110010100
0001110001010110
0001001100010111
0000100111011001
0000000010011010
1111011101011100
1111111010010110
0000010111001111
0000110100001001
0001010001000010
0001101101111100
0010001010110101
0010100111101111
0001100000010010
0000011000110100
1111010001010111
1110001001111010
1101000010011101
1011111010111111
1010110011100010
1100010011010010
1101110011000010
1111010010110010
0000110010100011
0010010010010011
0011110010000011
0101010001110011
0101011110010010
0101101010110010
0101110111010001
0110000011110001
0110010000010000
0110011100110000
0110101001001111
0110101110001011
0110110011000111
0110111000000011
0110111100111111
0111000001111011
0111000110110111
0111001011110011
0101111111100110
0100110011011000
0011100111001011
0010011010111110
0001001110110001
0000000010100011
1110110110010110
1110110110010110
1110110110010111
1110110110010111
1110110110010111
1110110110010111
1110110110011000
1110110110011000
1110110000011101
1110101010100010
1110100100100111
1110011110101011
1110011000110000
1110010010110101
1110001100111010
1110100010111111
1110111001000100
1111001111001001
1111100101001111
1111111011010100
0000010001011001
0000100111011110
0000101101110101
0000110100001011
0000111010100010
0001000000111000
0001000111001111
0001001101100101
0001010011111100
0000010000001010
1111001100011001
1110001000100111
1101000100110110
1100000001000100
1010111101010011
1001111001100001
1010011010101100
1010111011110110
1011011101000001
1011111110001100
1100011111010111
1101000000100001
1101100001101100
1100111011111101
1100010110001110
1011110000011111
1011001010101111
1010100101000000
1001111111010001
1001011001100010
1001010011011001
1001001101010000
1001000111000111
1001000000111111
1000111010110110
1000110100101101
1000101110100100
1010110110010100
1100111110000100
1111000101110100
0001001101100101
0011010101010101
0101011101000101
0111100100110101
0110010011100110
0101000010010111
0011110001001000
0010011111111010
0001001110101011
1111111101011100
1110101100001101
1110101100000010
1110101011111000
1110101011101101
1110101011100011
1110101011011000
1110101011001110
1110101011000011
1111111101001001
0001001111001111
0010100001010101
0011110011011010
0101000101100000
0110010111100110
0111101001101100
0111001111011111
0110110101010010
0110011011000101
0110000000111001
0101100110101100
0101001100011111
0100110010010010
0100100001011000
0100010000011111
0011111111100101
0011101110101100
0011011101110010
0011001100111001
0010111011111111
0001110001011101
0000100110111010
1111011100011000
1110010001110110
1101000111010100
1011111100110001
1010110010001111
1100001110001001
1101101010000100
1111000101111110
0000100001111000
0001111101110010
0011011001101101
0100110101100111
0100110001001011
0100101100101111
0100101000010011
0100100011110110
0100011111011010
0100011010111110
0100010110100010
0010101110000010
0001000101100010
1111011101000010
1101110100100010
1100001100000010
1010100011100010
1000111011000010
1010011111100111
1100000100001101
1101101000110010
1111001101011000
0000110001111101
0010010110100011
0011111011001000
0100011000100110
0100110110000011
0101010011100001
0101110000111110
0110001110011100
0110101011111001
0111001001010111
0111001011001010
0111001100111101
0111001110110000
0111010000100010
0111010010010101
0111010100001000
0111010101111011
0110001010010100
0100111110101100
0011110011000101
0010100111011101
0001011011110110
0000010000001110
1111000100100111
1110001111000100
1101011001100010
1100100011111111
1011101110011101
1010111000111010
1010000011011000
1001001101110101
1001101111011001
1010010000111110
1010110010100010
1011010100000110
1011110101101010
1100010111001111
1100111000110011
1101101100110010
1110100000110000
1111010100101111
0000001000101101
0000111100101100
0001110000101010
0010100100101001
0010100011000011
0010100001011100
0010011111110110
0010011110001111
0010011100101001
0010011011000010
0010011001011100
0001111111010110
0001100101010000
0001001011001010
0000110001000011
0000010110111101
1111111100110111
1111100010110001
1111101001110000
1111110000101110
1111110111101101
1111111110101100
0000000101101011
0000001100101001
0000010011101000
0000100000000000
0000101100011001
0000111000110001
0001000101001010
0001010001100010
0001011101111011
0001101010010011
0001101110111100
0001110011100110
0001111000001111
0001111100111000
0010000001100001
0010000110001011
0010001010110100
0010011110111110
0010110011001001
0011000111010011
0011011011011110
0011101111101000
0100000011110011
0100010111111101
0011011101010110
0010100010110000
0001101000001001
0000101101100011
1111110010111100
1110111000010110
1101111101101111
1101100011001011
1101001000100111
1100101110000011
1100010011100000
1011111000111100
1011011110011000
1011000011110100
1011001110101110
1011011001100111
1011100100100001
1011101111011010
1011111010010100
1100000101001101
1100010000000111
1100110101100011
1101011011000000
1110000000011100
1110100101111001
1111001011010101
1111110000110010
0000010110001110
1111101100111010
1111000011100101
1110011010010001
1101110000111100
1101000111101000
1100011110010011
1011110100111111
1011110110100001
1011111000000011
1011111001100101
1011111011000110
1011111100101000
1011111110001010
1011111111101100
1100000000010000
1100000000110100
1100000001011000
1100000001111101
1100000010100001
1100000011000101
1100000011101001
1100000001110111
1100000000000110
1011111110010100
1011111100100011
1011111010110001
1011111001000000
1011110111001110
1100010111011101
1100110111101011
1101010111111010
1101111000001000
1110011000010111
1110111000100101
1111011000110100
1110011001000010
1101011001010000
1100011001011110
1011011001101011
1010011001111001
1001011010000111
1000011010010101
1001101111001101
1011000100000101
1100011000111101
1101101101110110
1111000010101110
0000010111100110
0001101100011110
0010001111011110
0010110010011111
0011010101011111
0011111000100000
0100011011100000
0100111110100001
0101100001100001
0101100101101000
0101101001110000
0101101101110111
0101110001111110
0101110110000101
0101111010001101
0101111110010100
0100010000011001
0010100010011110
0000110100100011
1111000110100111
1101011000101100
1011101010110001
1001111100110110
1011010001000101
1100100101010101
1101111001100100
1111001101110011
0000100010000010
0001110110010010
0011001010100001
0011110000110111
0100010111001110
0100111101100100
0101100011111011
0110001010010001
0110110000101000
0111010110111110
0110110100001100
0110010001011010
0101101110101000
0101001011110110
0100101001000100
0100000110010010
0011100011100000
0010001101010110
0000110111001101
1111100001000011
1110001010111010
1100110100110000
1011011110100111
1010001000011101
1010000110010011
1010000100001001
1010000001111111
1001111111110110
1001111101101100
1001111011100010
1001111001011000
1001110011000110
1001101100110100
1001100110100010
1001100000010000
1001011001111110
1001010011101100
1001001101011010
