0000000000000000
0000000000000000
0000000000000000
0000000000000000
0000000000000000
0000000000000000
0101110011001000
0101110011001000
0101110011001000
0101110011001000
0101110011001000
0101110011001000
1011001111010011
1011001111010011
1011001111010011
1011001111010011
1011001111010011
1011001111010011
0110111011111001
0110111011111001
0110111011111001
0110111011111001
0110111011111001
0110111011111001
1011111011111010
1011111011111010
1011111011111010
1011111011111010
1011111011111010
1011111011111010
0100100100110111
0100100100110111
0100100100110111
0100100100110111
0100100100110111
0100100100110111
1010110000100110
1010110000100110
1010110000100110
1010110000100110
1010110000100110
1010110000100110
1110101001001101
1110101001001101
1110101001001101
1110101001001101
1110101001001101
1110101001001101
0001001110100110
0001001110100110
0001001110100110
0001001110100110
0001001110100110
0001001110100110
0100011100010011
0100011100010011
0100011100010011
0100011100010011
0100011100010011
0100011100010011
0111010000001011
0111010000001011
0111010000001011
0111010000001011
0111010000001011
0111010000001011
1111000110001011
1111000110001011
1111000110001011
1111000110001011
1111000110001011
1111000110001011
1111111001100111
1111111001100111
1111111001100111
1111111001100111
1111111001100111
1111111001100111
0100001001001101
0100001001001101
0100001001001101
0100001001001101
0100001001001101
0100001001001101
1100011010101010
1100011010101010
1100011010101010
1100011010101010
1100011010101010
1100011010101010
0010111101001111
0010111101001111
0010111101001111
0010111101001111
0010111101001111
0010111101001111
0111000001001011
0111000001001011
0111000001001011
0111000001001011
0111000001001011
0111000001001011
0001100011111111
0001100011111111
0001100011111111
0001100011111111
0001100011111111
0001100011111111
1010011000000011
1010011000000011
1010011000000011
1010011000000011
1010011000000011
1010011000000011
0101011111010010
0101011111010010
0101011111010010
0101011111010010
0101011111010010
0101011111010010
0101001101100110
0101001101100110
0101001101100110
0101001101100110
0101001101100110
0101001101100110
1010100001110011
1010100001110011
1010100001110011
1010100001110011
1010100001110011
1010100001110011
1001111001101110
1001111001101110
1001111001101110
1001111001101110
1001111001101110
1001111001101110
0000011010001011
0000011010001011
0000011010001011
0000011010001011
0000011010001011
0000011010001011
0011100100101010
0011100100101010
0011100100101010
0011100100101010
0011100100101010
0011100100101010
1010001111101011
1010001111101011
1010001111101011
1010001111101011
1010001111101011
1010001111101011
1110111010111100
1110111010111100
1110111010111100
1110111010111100
1110111010111100
1110111010111100
0001010000000100
0001010000000100
0001010000000100
0001010000000100
0001010000000100
0001010000000100
0001110001100010
0001110001100010
0001110001100010
0001110001100010
0001110001100010
0001110001100010
0001110101001111
0001110101001111
0001110101001111
0001110101001111
0001110101001111
0001110101001111
1010101100000111
1010101100000111
1010101100000111
1010101100000111
1010101100000111
1010101100000111
0011111010101000
0011111010101000
0011111010101000
0011111010101000
0011111010101000
0011111010101000
1100111001001001
1100111001001001
1100111001001001
1100111001001001
1100111001001001
1100111001001001
1000011000111011
1000011000111011
1000011000111011
1000011000111011
1000011000111011
1000011000111011
0110101110001010
0110101110001010
0110101110001010
0110101110001010
0110101110001010
0110101110001010
0011001010110010
0011001010110010
0011001010110010
0011001010110010
0011001010110010
0011001010110010
1101101101110111
1101101101110111
1101101101110111
1101101101110111
1101101101110111
1101101101110111
1101001000100100
1101001000100100
1101001000100100
1101001000100100
1101001000100100
1101001000100100
1110110010010011
1110110010010011
1110110010010011
1110110010010011
1110110010010011
1110110010010011
1110011101101101
1110011101101101
1110011101101101
1110011101101101
1110011101101101
1110011101101101
1111011110101011
1111011110101011
1111011110101011
1111011110101011
1111011110101011
1111011110101011
0011100000010001
0011100000010001
0011100000010001
0011100000010001
0011100000010001
0011100000010001
1111011101011100
1111011101011100
1111011101011100
1111011101011100
1111011101011100
1111011101011100
0010100111101111
0010100111101111
0010100111101111
0010100111101111
0010100111101111
0010100111101111
1010110011100010
1010110011100010
1010110011100010
1010110011100010
1010110011100010
1010110011100010
0101010001110011
0101010001110011
0101010001110011
0101010001110011
0101010001110011
0101010001110011
0110101001001111
0110101001001111
0110101001001111
0110101001001111
0110101001001111
0110101001001111
0111001011110011
0111001011110011
0111001011110011
0111001011110011
0111001011110011
0111001011110011
1110110110010110
1110110110010110
1110110110010110
1110110110010110
1110110110010110
1110110110010110
1110110110011000
1110110110011000
1110110110011000
1110110110011000
1110110110011000
1110110110011000
1110001100111010
1110001100111010
1110001100111010
1110001100111010
1110001100111010
1110001100111010
0000100111011110
0000100111011110
0000100111011110
0000100111011110
0000100111011110
0000100111011110
0001010011111100
0001010011111100
0001010011111100
0001010011111100
0001010011111100
0001010011111100
1001111001100001
1001111001100001
1001111001100001
1001111001100001
1001111001100001
1001111001100001
1101100001101100
1101100001101100
1101100001101100
1101100001101100
1101100001101100
1101100001101100
1001011001100010
1001011001100010
1001011001100010
1001011001100010
1001011001100010
1001011001100010
1000101110100100
1000101110100100
1000101110100100
1000101110100100
1000101110100100
1000101110100100
0111100100110101
0111100100110101
0111100100110101
0111100100110101
0111100100110101
0111100100110101
1110101100001101
1110101100001101
1110101100001101
1110101100001101
1110101100001101
1110101100001101
1110101011000011
1110101011000011
1110101011000011
1110101011000011
1110101011000011
1110101011000011
0111101001101100
0111101001101100
0111101001101100
0111101001101100
0111101001101100
0111101001101100
0100110010010010
0100110010010010
0100110010010010
0100110010010010
0100110010010010
0100110010010010
0010111011111111
0010111011111111
0010111011111111
0010111011111111
0010111011111111
0010111011111111
1010110010001111
1010110010001111
1010110010001111
1010110010001111
1010110010001111
1010110010001111
0100110101100111
0100110101100111
0100110101100111
0100110101100111
0100110101100111
0100110101100111
0100010110100010
0100010110100010
0100010110100010
0100010110100010
0100010110100010
0100010110100010
1000111011000010
1000111011000010
1000111011000010
1000111011000010
1000111011000010
1000111011000010
0011111011001000
0011111011001000
0011111011001000
0011111011001000
0011111011001000
0011111011001000
0111001001010111
0111001001010111
0111001001010111
0111001001010111
0111001001010111
0111001001010111
0111010101111011
0111010101111011
0111010101111011
0111010101111011
0111010101111011
0111010101111011
1111000100100111
1111000100100111
1111000100100111
1111000100100111
1111000100100111
1111000100100111
1001001101110101
1001001101110101
1001001101110101
1001001101110101
1001001101110101
1001001101110101
1100111000110011
1100111000110011
1100111000110011
1100111000110011
1100111000110011
1100111000110011
0010100100101001
0010100100101001
0010100100101001
0010100100101001
0010100100101001
0010100100101001
0010011001011100
0010011001011100
0010011001011100
0010011001011100
0010011001011100
0010011001011100
1111100010110001
1111100010110001
1111100010110001
1111100010110001
1111100010110001
1111100010110001
0000010011101000
0000010011101000
0000010011101000
0000010011101000
0000010011101000
0000010011101000
0001101010010011
0001101010010011
0001101010010011
0001101010010011
0001101010010011
0001101010010011
0010001010110100
0010001010110100
0010001010110100
0010001010110100
0010001010110100
0010001010110100
0100010111111101
0100010111111101
0100010111111101
0100010111111101
0100010111111101
0100010111111101
1101111101101111
1101111101101111
1101111101101111
1101111101101111
1101111101101111
1101111101101111
1011000011110100
1011000011110100
1011000011110100
1011000011110100
1011000011110100
1011000011110100
1100010000000111
1100010000000111
1100010000000111
1100010000000111
1100010000000111
1100010000000111
0000010110001110
0000010110001110
0000010110001110
0000010110001110
0000010110001110
0000010110001110
1011110100111111
1011110100111111
1011110100111111
1011110100111111
1011110100111111
1011110100111111
1011111111101100
1011111111101100
1011111111101100
1011111111101100
1011111111101100
1011111111101100
1100000011101001
1100000011101001
1100000011101001
1100000011101001
1100000011101001
1100000011101001
1011110111001110
1011110111001110
1011110111001110
1011110111001110
1011110111001110
1011110111001110
1111011000110100
1111011000110100
1111011000110100
1111011000110100
1111011000110100
1111011000110100
1000011010010101
1000011010010101
1000011010010101
1000011010010101
1000011010010101
1000011010010101
0001101100011110
0001101100011110
0001101100011110
0001101100011110
0001101100011110
0001101100011110
0101100001100001
0101100001100001
0101100001100001
0101100001100001
0101100001100001
0101100001100001
0101111110010100
0101111110010100
0101111110010100
0101111110010100
0101111110010100
0101111110010100
1001111100110110
1001111100110110
1001111100110110
1001111100110110
1001111100110110
1001111100110110
0011001010100001
0011001010100001
0011001010100001
0011001010100001
0011001010100001
0011001010100001
0111010110111110
0111010110111110
0111010110111110
0111010110111110
0111010110111110
0111010110111110
0011100011100000
0011100011100000
0011100011100000
0011100011100000
0011100011100000
0011100011100000
1010001000011101
1010001000011101
1010001000011101
1010001000011101
1010001000011101
1010001000011101
1001111001011000
1001111001011000
1001111001011000
1001111001011000
1001111001011000
1001111001011000
1001001101011010
1001001101011010
1001001101011010
1001001101011010
1001001101011010
1001001101011010
