0110001111111111
0100011011000001
0010100110000100
0000110001000110
1110111100001001
1101000111001011
1011010010001110
1001011101010000
1010010011010001
1011001001010010
1011111111010011
1100110101010011
1101101011010100
1110100001010101
1111010111010110
1111000000101101
1110101010000100
1110010011011011
1101111100110001
1101100110001000
1101001111011111
1100111000110110
1100011011000011
1011111101010000
1011011111011101
1011000001101010
1010100011110111
1010000110000100
1001101000010001
1001011010100100
1001001100110111
1000111111001010
1000110001011110
1000100011110001
1000010110000100
1000001000010111
1001000110001100
1010000100000001
1011000001110110
1011111111101011
1100111101100000
1101111011010101
1110111001001010
1110001010110001
1101011100010111
1100101101111110
1011111111100100
1011010001001011
1010100010110001
1001110100011000
1011110100001110
1101110100000100
1111110011111010
0001110011101111
0011110011100101
0101110011011011
0111110011010001
0111010101001000
0110110111000000
0110011000110111
0101111010101111
0101011100100110
0100111110011110
0100100000010101
0010111000101110
0001010001000111
1111101001100000
1110000001111010
1100011010010011
1010110010101100
1001001011000101
1001000111011010
1001000011110000
1001000000000101
1000111100011011
1000111000110000
1000110101000110
1000110001011011
1001100110101000
1010011011110101
1011010001000010
1100000110001111
1100111011011100
1101110000101001
1110100101110110
1111010110000110
0000000110010101
0000110110100101
0001100110110100
0010010111000100
0011000111010011
0011110111100011
0010001100001100
0000100000110110
1110110101011111
1101001010001000
1011011110110001
1001110011011011
1000001000000100
1001110001110111
1011011011101010
1101000101011101
1110101111001111
0000011001000010
0010000010110101
0011101100101000
0010010010000010
0000110111011100
1111011100110110
1110000010010001
1100100111101011
1011001101000101
1001110010011111
1010110000010111
1011101110001110
1100101100000110
1101101001111101
1110100111110101
1111100101101100
0000100011100100
0000100000110011
0000011110000001
0000011011010000
0000011000011111
0000010101101110
0000010010111100
0000010000001011
0001000001000011
0001110001111100
0010100010110100
0011010011101101
0100000100100101
0100110101011110
0101100110010110
0101101101111110
0101110101100110
0101111101001110
0110000100110110
0110001100011110
0110010100000110
0110011011101110
0101001111001001
0100000010100101
0010110110000000
0001101001011100
0000011100110111
1111010000010011
1110000011101110
1111000110001001
0000001000100100
0001001010111111
0010001101011001
0011001111110100
0100010010001111
0101010100101010
0100111001010001
0100011101111000
0100000010011111
0011100111000110
0011001011101101
0010110000010100
0010010100111011
0010010010001100
0010001111011101
0010001100101110
0010001001111111
0010000111010000
0010000100100001
0010000001110010
0010000001111100
0010000010000101
0010000010001111
0010000010011001
0010000010100011
0010000010101100
0010000010110110
0001000000100011
1111111110010000
1110111011111101
1101111001101001
1100110111010110
1011110101000011
1010110010110000
1100011011001101
1110000011101010
1111101100000111
0001010100100101
0010111101000010
0100100101011111
0110001101111100
0101010100011100
0100011010111011
0011100001011011
0010100111111010
0001101110011010
0000110100111001
1111111011011001
0000001001011011
0000010111011100
0000100101011110
0000110011011111
0001000001100001
0001001111100010
0001011101100100
0000110011101100
0000001001110100
1111011111111100
1110110110000101
1110001100001101
1101100010010101
1100111000011101
1101011010111010
1101111101010110
1110011111110011
1111000010001111
1111100100101100
0000000111001000
0000101001100101
0001011010011111
0010001011011001
0010111100010011
0011101101001101
0100011110000111
0101001111000001
0101111111111011
0101100100011101
0101001000111110
0100101101100000
0100010010000001
0011110110100011
0011011011000100
0010111111100110
0011100101010000
0100001010111010
0100110000100100
0101010110001110
0101111011111000
0110100001100010
0111000111001100
0110101110100101
0110010101111101
0101111101010110
0101100100101111
0101001100001000
0100110011100000
0100011010111001
0011010101001111
0010001111100101
0001001001111011
0000000100010001
1110111110100111
1101111000111101
1100110011010011
1101110111110011
1110111100010010
0000000000110010
0001000101010010
0010001001110010
0011001110010001
0100010010110001
0010100010100001
0000110010010001
1111000010000001
1101010001110000
1011100001100000
1001110001010000
1000000001000000
1001110011100010
1011100110000011
1101011000100101
1111001011000111
0000111101101001
0010110000001010
0100100010101100
0011011001100100
0010010000011100
0001000111010100
1111111110001011
1110110101000011
1101101011111011
1100100010110011
1100011101011111
1100011000001011
1100010010110111
1100001101100010
1100001000001110
1100000010111010
1011111101100110
1100011110000001
1100111110011100
1101011110110111
1101111111010011
1110011111101110
1111000000001001
1111100000100100
1110101010101000
1101110100101100
1100111110110000
1100001000110100
1011010010111000
1010011100111100
1001100111000000
1011000100100101
1100100010001010
1101111111101111
1111011101010011
0000111010111000
0010011000011101
0011110110000010
0010110111100001
0001111000111111
0000111010011110
1111111011111100
1110111101011011
1101111110111001
1101000000011000
1100011000110001
1011110001001010
1011001001100011
1010100001111011
1001111010010100
1001010010101101
1000101011000110
1000110111011000
1001000011101001
1001001111111011
1001011100001101
1001101000011111
1001110100110000
1010000001000010
1010010100100111
1010101000001100
1010111011110001
1011001111010110
1011100010111011
1011110110100000
1100001010000101
1101011001011110
1110101000110111
1111111000010000
0001000111101000
0010010111000001
0011100110011010
0100110101110011
0100110100010111
0100110010111100
0100110001100000
0100110000000101
0100101110101001
0100101101001110
0100101011110010
0011000000100000
0001010101001111
1111101001111101
1101111110101100
1100010011011010
1010101000001001
1000111100110111
1001011011000000
1001111001001000
1010010111010001
1010110101011001
1011010011100010
1011110001101010
1100001111110011
1101011101110110
1110101011111010
1111111001111101
0001001000000001
0010010110000100
0011100100001000
0100110010001011
0100010011101001
0011110101000111
0011010110100101
0010111000000011
0010011001100001
0001111010111111
0001011100011101
0000001001010011
1110110110001000
1101100010111110
1100001111110100
1010111100101010
1001101001011111
1000010110010101
1001111110110001
1011100111001110
1101001111101010
1110111000000111
0000100000100011
0010001001000000
0011110001011100
0100001101000011
0100101000101010
0101000100010001
0101011111111001
0101111011100000
0110010111000111
0110110010101110
0110110001010111
0110110000000001
0110101110101010
0110101101010011
0110101011111100
0110101010100110
0110101001001111
0100110000101110
0010111000001101
0000111111101100
1111000111001010
1101001110101001
1011010110001000
1001011101100111
1010001001111010
1010110110001101
1011100010100000
1100001110110011
1100111011000110
1101100111011001
1110010011101100
1110101101100001
1111000111010111
1111100001001100
1111111011000010
0000010100110111
0000101110101101
0001001000100010
0001110111010101
0010100110000111
0011010100111010
0100000011101100
0100110010011111
0101100001010001
0110010000000100
0101111011110111
0101100111101010
0101010011011101
0100111111010000
0100101011000011
0100010110110110
0100000010101001
0010010110100000
0000101010010110
1110111110001101
1101010010000011
1011100101111010
1001111001110000
1000001101100111
1000011100100100
1000101011100010
1000111010011111
1001001001011101
1001011000011010
1001100111011000
1001110110010101
1011110000000110
1101101001110111
1111100011101000
0001011101011001
0011010111001010
0101010000111011
0111001010101100
0101110010010111
0100011010000001
0011000001101100
0001101001010111
0000010001000010
1110111000101100
1101100000010111
1110101110010011
1111111100010000
0001001010001100
0010011000001001
0011100110000101
0100110100000010
0110000001111110
0100101101100001
0011011001000011
0010000100100110
0000110000001001
1111011011101100
1110000111001110
1100110010110001
1101101000110100
1110011110110110
1111010100111001
0000001010111011
0001000000111110
0001110111000000
0010101101000011
0011011100010010
0100001011100001
0100111010110000
0101101001111110
0110011001001101
0111001000011100
0111110111101011
0101100111001011
0011010110101011
0001000110001011
1110110101101011
1100100101001011
1010010100101011
1000000100001011
1001110100011101
1011100100101111
1101010101000001
1111000101010100
0000110101100110
0010100101111000
0100010110001010
0011000001111100
0001101101101110
0000011001100000
1111000101010010
1101110001000100
1100011100110110
1011001000101000
1010111111111100
1010110111010000
1010101110100100
1010100101110111
1010011101001011
1010010100011111
1010001011110011
1010111001100100
1011100111010101
1100010101000110
1101000010110110
1101110000100111
1110011110011000
1111001100001001
1110010110001110
1101100000010010
1100101010010111
1011110100011011
1010111110100000
1010001000100100
1001010010101001
1011001001000100
1100111111100000
1110110101111011
0000101100010111
0010100010110010
0100011001001110
0110001111101001
0100110010010110
0011010101000010
0001110111101111
0000011010011011
1110111101001000
1101011111110100
1100000010100001
1100110111101000
1101101100110000
1110100001110111
1111010110111110
0000001100000101
0001000001001101
0001110110010100
0000100001110010
1111001101010000
1101111000101110
1100100100001101
1011001111101011
1001111011001001
1000100110100111
1001000111011110
1001101000010101
1010001001001100
1010101010000100
1011001010111011
1011101011110010
1100001100101001
1100011010110111
1100101001000110
1100110111010100
1101000101100010
1101010011110000
1101100001111111
1101110000001101
1110111101111011
0000001011101000
0001011001010110
0010100111000011
0011110100110001
0101000010011110
0110010000001100
0101110001011011
0101010010101001
0100110011111000
0100010101000111
0011110110010110
0011010111100100
0010111000110011
0010110110011010
0010110100000000
0010110001100111
0010101111001101
0010101100110100
0010101010011010
0010101000000001
0001110101100100
0001000011000111
0000010000101010
1111011110001110
1110101011110001
1101111001010100
1101000110110111
1101010101011111
1101100100001000
1101110010110000
1110000001011000
1110010000000000
1110011110101001
1110101101010001
1110101011111010
1110101010100011
1110101001001100
1110100111110100
1110100110011101
1110100101000110
1110100011101111
1110010101000011
1110000110010110
1101110111101010
1101101000111110
1101011010010010
1101001011100101
1100111100111001
1101001010011100
1101010111111111
1101100101100010
1101110011000110
1110000000101001
1110001110001100
1110011011101111
1110010000111010
1110000110000100
1101111011001111
1101110000011010
1101100101100101
1101011010101111
1101001111111010
1110010011110111
1111010111110011
0000011011110000
0001011111101101
0010100011101010
0011100111100110
0100101011100011
0100110001001001
0100110110101111
0100111100010101
0101000001111010
0101000111100000
0101001101000110
0101010010101100
0100100100101100
0011110110101011
0011001000101011
0010011010101010
0001101100101010
0000111110101001
0000010000101001
1111001011100011
1110000110011110
1101000001011000
1011111100010011
1010110111001101
1001110010001000
1000101101000010
1001001101100111
1001101110001101
1010001110110010
1010101111010111
1011001111111100
1011110000100010
1100010001000111
1100000001000001
1011110000111010
1011100000110100
1011010000101101
1011000000100111
1010110000100000
1010100000011010
