0110001111111111
0011101100001111
0001001000011111
1110100100110000
1100000001000000
1001011101010000
1010101000111000
1011110100011111
1101000000000111
1110001011101110
1111010111010110
1110110111101001
1110010111111100
1101111000010000
1101011000100011
1100111000110110
1100001111001000
1011100101011010
1010111011101101
1010010001111111
1001101000010001
1001010101000101
1001000001111010
1000101110101110
1000011011100011
1000001000010111
1001011110111011
1010110101011111
1100001100000010
1101100010100110
1110111001001010
1101111000001101
1100110111010000
1011110110010010
1010110101010101
1001110100011000
1100100111010111
1111011010010101
0010001101010100
0101000000010010
0111110011010001
0111001001000101
0110011110111001
0101110100101101
0101001010100001
0100100000010101
0010001111010010
1111111110001111
1101101101001011
1011011100001000
1001001011000101
1001000101111101
1001000000110100
1000111011101100
1000110110100011
1000110001011011
1001111011111010
1011000110011001
1100010000111000
1101011011010111
1110100101110110
1111101001011001
0000101100111011
0001110000011110
0010110100000000
0011110111100011
0001100001010000
1111001010111101
1100110100101010
1010011110010111
1000001000000100
1010011100001011
1100110000010010
1111000100011010
0001011000100001
0011101100101000
0001101101110011
1111101110111110
1101110000001001
1011110001010100
1001110010011111
1011001001000110
1100011111101110
1101110110010101
1111001100111101
0000100011100100
0000011111101100
0000011011110100
0000010111111011
0000010100000011
0000010000001011
0001010100100111
0010011001000011
0011011101011110
0100100001111010
0101100110010110
0101110001000001
0101111011101100
0110000110011000
0110010001000011
0110011011101110
0100110000100001
0011000101010100
0001011010001000
1111101110111011
1110000011101110
1111100000101101
0000111101101100
0010011010101100
0011110111101011
0101010100101010
0100101110010100
0100000111111110
0011100001100111
0010111011010001
0010010100111011
0010010001000110
0010001101010001
0010001001011100
0010000101100111
0010000001110010
0010000010000000
0010000010001101
0010000010011011
0010000010101000
0010000010110110
0000100110000010
1111001001001101
1101101100011001
1100001111100100
1010110010110000
1101000100111111
1111010111001110
0001101001011110
0011111011101101
0110001101111100
0100111101011011
0011101100111011
0010011100011010
0001001011111010
1111111011011001
0000001111000010
0000100010101010
0000110110010011
0001001001111011
0001011101100100
0000100010111100
1111101000010100
1110101101101101
1101110011000101
1100111000011101
1101101000101011
1110011000111010
1111001001001000
1111111001010111
0000101001100101
0001101110000011
0010110010100001
0011110110111111
0100111011011101
0101111111111011
0101011001011101
0100110010111111
0100001100100010
0011100110000100
0010111111100110
0011110100010100
0100101001000010
0101011101110000
0110010010011110
0111000111001100
0110100100101111
0110000010010001
0101011111110100
0100111101010110
0100011010111001
0010111001011000
0001010111110111
1111110110010101
1110010100110100
1100110011010011
1110010011001100
1111110011000101
0001010010111111
0010110010111000
0100010010110001
0001110101100111
1111011000011101
1100111011010100
1010011110001010
1000000001000000
1010100001010110
1101000001101011
1111100010000001
0010000010010110
0100100010101100
0010111100010100
0001010101111100
1111101111100011
1110001001001011
1100100010110011
1100011011010111
1100010011111011
1100001100011110
1100000101000010
1011111101100110
1100101010111111
1101011000011000
1110000101110010
1110110011001011
1111100000100100
1110010101000011
1101001001100010
1011111110000010
1010110010100001
1001100111000000
1011101010000000
1101101101000001
1111110000000001
0001110011000010
0011110110000010
0010011110100000
0001000110111110
1111101111011100
1110010111111010
1101000000011000
1100001000111011
1011010001011110
1010011010000000
1001100010100011
1000101011000110
1000111100010010
1001001101011110
1001011110101010
1001101111110110
1010000001000010
1010011100011100
1010110111110110
1011010011010001
1011101110101011
1100001010000101
1101111001001110
1111101000010111
0001010111100001
0011000110101010
0100110101110011
0100110011110011
0100110001110011
0100101111110010
0100101101110010
0100101011110010
0010010101100110
1111111111011010
1101101001001111
1011010011000011
1000111100110111
1001100111000011
1010010001001111
1010111011011011
1011100101100111
1100001111110011
1101111101000101
1111101010010110
0001010111101000
0011000100111001
0100110010001011
0100000111011011
0011011100101100
0010110001111100
0010000111001101
0001011100011101
1111101000000010
1101110011100111
1011111111001011
1010001010110000
1000010110010101
1010101000100011
1100111010110001
1111001101000000
0001011111001110
0011110001011100
0100011000000110
0100111110110000
0101100101011010
0110001100000100
0110110010101110
0110110000110101
0110101110111011
0110101101000010
0110101011001000
0110101001001111
0100000000100001
0001010111110010
1110101111000100
1100000110010101
1001011101100111
1010011011101000
1011011001101001
1100010111101010
1101010101101011
1110010011101100
1110110111110111
1111011100000010
0000000000001100
0000100100010111
0001001000100010
0010001010000010
0011001011100011
0100001101000011
0101001110100100
0110010000000100
0101110011110010
0101010111100000
0100111011001101
0100011110111011
0100000010101001
0001101011001111
1111010011110101
1100111100011011
1010100101000001
1000001101100111
1000100010100011
1000110111100000
1001001100011100
1001100001011001
1001110110010101
1100100000110011
1111001011010001
0001110101110000
0100100000001110
0111001010101100
0101001111000001
0011010011010111
0001010111101100
1111011100000010
1101100000010111
1111001101011111
0000111010100111
0010100111101110
0100010100110110
0110000001111110
0100001011101111
0010010101011111
0000011111010000
1110101001000000
1100110010110001
1101111110011011
1111001010000101
0000010101101111
0001100001011001
0010101101000011
0011101111001011
0100110001010011
0101110011011011
0110110101100011
0111110111101011
0100101101011000
0001100011000101
1110011000110001
1011001110011110
1000000100001011
1010100001011000
1100111110100100
1111011011110001
0001111000111101
0100010110001010
0010100000010000
0000101010010110
1110110100011100
1100111110100010
1011001000101000
1010111100011101
1010110000010011
1010100100001000
1010010111111110
1010001011110011
1011001011110111
1100001011111100
1101001100000000
1110001100000101
1111001100001001
1110000000101001
1100110101001001
1011101001101001
1010011110001001
1001010010101001
1011111000011100
1110011110001111
0001000100000011
0011101001110110
0110001111101001
0100001101000001
0010001010011001
0000000111110001
1110000101001001
1100000010100001
1101001100111000
1110010111001111
1111100001100110
0000101011111101
0001110110010100
1111111111111110
1110001001101000
1100010011010011
1010011100111101
1000100110100111
1001010100100111
1010000010101000
1010110000101000
1011011110101001
1100001100101001
1100100000100011
1100110100011110
1101001000011000
1101011100010011
1101110000001101
1111011101000000
0001001001110011
0010110110100110
0100100011011001
0110010000001100
0101100101000111
0100111010000010
0100001110111101
0011100011111000
0010111000110011
0010110101011100
0010110010000101
0010101110101111
0010101011011000
0010101000000001
0001100001011001
0000011010110000
1111010100001000
1110001101011111
1101000110110111
1101011011010110
1101101111110101
1110000100010011
1110011000110010
1110101101010001
1110101011010111
1110101001011101
1110100111100011
1110100101101001
1110100011101111
1110001111001011
1101111010100110
1101100110000010
1101010001011101
1100111100111001
1101001111110111
1101100010110101
1101110101110011
1110001000110001
1110011011101111
1110001100100100
1101111101011010
1101101110001111
1101011111000101
1101001111111010
1110101111000010
0000001110001010
0001101101010011
0011001100011011
0100101011100011
0100110011011000
0100111011001101
0101000011000010
0101001010110111
0101010010101100
0100010010010010
0011010001111000
0010010001011101
0001010001000011
0000010000101001
1110101111111011
1101001111001101
1011101110011110
1010001101110000
1000101101000010
1001011010101001
1010001000010001
1010110101111000
1011100011100000
1100010001000111
1011111010100100
1011100100000010
1011001101011111
1010110110111101
1010100000011010
