0110001111111111
0001111111000101
1101101110001010
1001011101010000
1011011011010010
1101011001010100
1111010111010110
1110100010100001
1101101101101011
1100111000110110
1011110011010100
1010101101110011
1001101000010001
1001001000010011
1000101000010101
1000001000010111
1010011000101000
1100101000111001
1110111001001010
1101001100111001
1011100000101001
1001110100011000
1110011110101011
0011001000111110
0111110011010001
0110101100111101
0101100110101001
0100100000010101
0000101110100101
1100111100110101
1001001011000101
1001000010100010
1000111001111110
1000110001011011
1010101101100100
1100101001101101
1110100101110110
0000010110011010
0010000110111111
0011110111100011
1111111101000011
1100000010100100
1000001000000100
1011111110111011
1111110101110001
0011101100101000
0000011001010000
1101000101110111
1001110010011111
1100000010110110
1110010011001101
0000100011100100
0000011101000110
0000010110101001
0000010000001011
0010000010001111
0011110100010010
0101100110010110
0101111000001001
0110001001111011
0110011011101110
0011101001000011
0000110110011001
1110000011101110
0000011110101101
0010111001101011
0101010100101010
0100010100110000
0011010100110101
0010010100111011
0010001110100011
0010001000001010
0010000001110010
0010000010001001
0010000010011111
0010000010110110
1111101000001001
1101001101011101
1010110010110000
1110100110011111
0010011010001101
0110001101111100
0100000111110000
0010000001100101
1111111011011001
0000011100000111
0000111100110110
0001011101100100
1111111011110111
1110011010001010
1100111000011101
1110001000110101
1111011001001101
0000101001100101
0010011011101100
0100001101110100
0101111111111011
0100111111110100
0011111111101101
0010111111100110
0100010111011101
0101101111010101
0111000111001100
0110001101110000
0101010100010101
0100011010111001
0001111000010111
1111010101110101
1100110011010011
1111010011001000
0001110010111100
0100010010110001
0000001100110110
1100000110111011
1000000001000000
1100001100001111
0000010111011101
0100100010101100
0001111000000100
1111001101011011
1100100010110011
1100010110011001
1100001010000000
1011111101100110
1101001001010000
1110010100111010
1111100000100100
1101100010101101
1011100100110111
1001100111000000
1101000001010110
0000011011101100
0011110110000010
0001100100001001
1111010010010001
1101000000011000
1011100011111101
1010000111100001
1000101011000110
1001000111101111
1001100100011001
1010000001000010
1010101110101110
1011011100011001
1100001010000101
1111000011010100
0001111100100100
0100110101110011
0100110010011101
0100101111001000
0100101011110010
0000110001011110
1100110111001011
1000111100110111
1010000011001011
1011001001011111
1100001111110011
1111000101111011
0001111100000011
0100110010001011
0011101010111100
0010100011101100
0001011100011101
1110011010011010
1011011000011000
1000010110010101
1100001010000010
1111111101101111
0011110001011100
0100110001110111
0101110010010011
0110110010101110
0110101111100100
0110101100011001
0110101001001111
0010010000000010
1101110110110100
1001011101100111
1011000100111110
1100101100010101
1110010011101100
1111001111111110
0000001100010000
0001001000100010
0010110101101101
0100100010111001
0110010000000100
0101100000111011
0100110001110010
0100000010101001
0000000110010011
1100001001111101
1000001101100111
1000110000100001
1001010011011011
1001110110010101
1110010010011101
0010101110100100
0111001010101100
0011111100100101
0000101110011110
1101100000010111
0000010110001111
0011001100000110
0110000001111110
0010111100111010
1111110111110101
1100110010110001
1110110000110111
0000101110111101
0010101101000011
0100011011010000
0110001001011110
0111110111101011
0010100110100000
1101010101010110
1000000100001011
1100001010001011
0000010000001010
0100010110001010
0001010001101001
1110001101001001
1011001000101000
1010110100010110
1010100000000101
1010001011110011
1011110110100101
1101100001010111
1111001100001001
1101001110010100
1011010000011110
1001010010101001
1101100110111110
0001111011010100
0110001111101001
0010110101111100
1111011100001110
1100000010100001
1101111110011101
1111111010011000
0001110110010100
1110110001000101
1011101011110110
1000100110100111
1001110011010010
1010111111111110
1100001100101001
1100101101110101
1101001111000001
1101110000001101
0000100101100010
0011011010110111
0110010000001100
0101001000011001
0100000000100110
0010111000110011
0010110011001101
0010101101100111
0010101000000001
0000110010010011
1110111100100101
1101000110110111
1101101001000000
1110001011001000
1110101101010001
1110101010000110
1110100110111010
1110100011101111
1110000001011101
1101011111001011
1100111100111001
1101011100100000
1101111100001000
1110011011101111
1110000010011101
1101101001001100
1101001111111010
1111101110011101
0010001101000000
0100101011100011
0100111000100110
0101000101101001
0101010010101100
0011100111010110
0001111011111111
0000010000101001
1101101111011100
1011001110001111
1000101101000010
1001111001000100
1011000101000101
1100010001000111
1011101011100011
1011000101111110
1010100000011010
