0110001111111111
0011000011010011
1111110110101000
1100101001111100
1001011101010000
1010111011110010
1100011010010011
1101111000110100
1111010111010110
1110101111101110
1110001000000110
1101100000011110
1100111000110110
1100000100101101
1011010000100100
1010011100011010
1001101000010001
1001010000010010
1000111000010100
1000100000010110
1000001000010111
1001110100100100
1011100000110000
1101001100111101
1110111001001010
1101100111111110
1100010110110001
1011000101100100
1001110100011000
1101010100000110
0000110011110100
0100010011100011
0111110011010001
0110111110100010
0110001001110011
0101010101000100
0100100000010101
0001101011000001
1110110101101101
1100000000011001
1001001011000101
1001000100101010
1000111110010000
1000110111110110
1000110001011011
1010001110100010
1011101011101000
1101001000101111
1110100101110110
1111111010010001
0001001110101100
0010100011001000
0011110111100011
0000111011101011
1101111111110100
1011000011111100
1000001000000100
1011000001001101
1101111010010110
0000110011011111
0011101100101000
0001001110000110
1110101111100100
1100010001000001
1001110010011111
1011011110110000
1101001011000010
1110110111010011
0000100011100100
0000011110101110
0000011001111000
0000010101000001
0000010000001011
0001100101101110
0010111011010000
0100010000110011
0101100110010110
0101110011101100
0110000001000010
0110001110011000
0110011011101110
0100010101101110
0010001111101110
0000001001101110
1110000011101110
1111110111111101
0001101100001100
0011100000011011
0101010100101010
0100100100101110
0011110100110010
0011000100110111
0010010100111011
0010010000001001
0010001011010110
0010000110100100
0010000001110010
0010000010000011
0010000010010100
0010000010100101
0010000010110110
0000001110110100
1110011010110011
1100100110110010
1010110010110000
1101101001100011
0000100000010110
0011010111001001
0110001101111100
0100101001010011
0011000100101010
0001100000000010
1111111011011001
0000010011111100
0000101100011110
0001000101000001
0001011101100100
0000010100010010
1111001011000000
1110000001101111
1100111000011101
1101110100101111
1110110001000001
1111101101010011
0000101001100101
0001111111001010
0011010100110000
0100101010010110
0101111111111011
0101001111110110
0100011111110000
0011101111101011
0010111111100110
0100000001100000
0101000011011001
0110000101010010
0111000111001100
0110011100000111
0101110001000010
0101000101111110
0100011010111001
0010100001000000
0000100111000110
1110101101001100
1100110011010011
1110101011001010
0000100011000010
0010011010111010
0100010010110001
0001001110010101
1110001001111000
1011000101011100
1000000001000000
1011001001011011
1110010001110110
0001011010010001
0100100010101100
0010100010101110
0000100010110000
1110100010110001
1100100010110011
1100011001100000
1100010000001100
1100000110111001
1011111101100110
1100110110010110
1101101111000101
1110100111110100
1111100000100100
1110000010001011
1100100011110010
1011000101011001
1001100111000000
1100001010110000
1110101110100001
0001010010010010
0011110110000010
0010001000101000
0000011011001101
1110101101110010
1101000000011000
1011111011000100
1010110101101111
1001110000011010
1000101011000110
1001000000100101
1001010110000100
1001101011100011
1010000001000010
1010100011010011
1011000101100100
1011100111110100
1100001010000101
1110010101000000
0000011111111100
0010101010111000
0100110101110011
0100110011010011
0100110000110010
0100101110010010
0100101011110010
0001110000000011
1110110100010100
1011111000100110
1000111100110111
1001110001100110
1010100110010101
1011011011000100
1100001111110011
1110011000011001
0000100000111111
0010101001100101
0100110010001011
0011111100110000
0011000111010100
0010010001111000
0001011100011101
1111001010111011
1100111001011001
1010100111110111
1000010110010101
1011001101000111
1110000011111000
0000111010101010
0011110001011100
0100100001110000
0101010010000101
0110000010011010
0110110010101110
0110110000010110
0110101101111110
0110101011100111
0110101001001111
0011010110010101
0000000011011011
1100110000100001
1001011101100111
1010101011001000
1011111000101010
1101000110001011
1110010011101100
1111000000111010
1111101110000111
0000011011010100
0001001000100010
0010011010011010
0011101100010011
0100111110001100
0110010000000100
0101101100101101
0101001001010110
0100100110000000
0100000010101001
0001000101011000
1110001000001000
1011001010111000
1000001101100111
1000100111110010
1001000001111110
1001011100001010
1001110110010101
1101001011011011
0000100000100000
0011110101100110
0111001010101100
0100110000000111
0010010101100010
1111111010111100
1101100000010111
1111101000110001
0001110001001010
0011111001100100
0110000001111110
0011101110001011
0001011010011000
1111000110100100
1100110010110001
1110010001010110
1111101111111010
0001001110011110
0010101101000011
0011111111101101
0101010010010111
0110100101000001
0111110111101011
0011111010110011
1111111101111011
1100000001000011
1000000100001011
1011001000101011
1110001101001010
0001010001101010
0100010110001010
0010000010110010
1111101111011001
1101011100000000
1011001000101000
1010111001011011
1010101010001110
1010011011000000
1010001011110011
1011011011111000
1100101011111110
1101111100000100
1111001100001001
1101101101110001
1100001111011001
1010110001000001
1001010010101001
1100100001111001
1111110001001001
0011000000011001
0110001111101001
0011101100010111
0001001001000101
1110100101110011
1100000010100001
1101011111011110
1110111100011010
0000011001010111
0001110110010100
1111100010011001
1101001110011110
1010111010100010
1000100110100111
1001100000001000
1010011001101000
1011010011001000
1100001100101001
1100100101100010
1100111110011011
1101010111010100
1101110000001101
1111111000001101
0010000000001100
0100001000001100
0110010000001100
0101011010010110
0100100100100000
0011101110101001
0010111000110011
0010110100100110
0010110000011010
0010101100001110
0010101000000001
0001001111101110
1111110111011100
1110011111001010
1101000110110111
1101100000011110
1101111010000100
1110010011101010
1110101101010001
1110101010111000
1110101000100000
1110100110001000
1110100011101111
1110001010000010
1101110000010100
1101010110100110
1100111100111001
1101010100100110
1101101100010100
1110000100000010
1110011011101111
1110001000110010
1101110101110100
1101100010110111
1101001111111010
1111000110110100
0000111101101110
0010110100101001
0100101011100011
0100110101010101
0100111111001000
0101001000111010
0101010010101100
0100000010001011
0010110001101010
0001100001001010
0000010000101001
1110010111101111
1100011110110110
1010100101111100
1000101101000010
1001100110000011
1010011111000100
1011011000000110
1100010001000111
1011110100111100
1011011000110000
1010111100100101
1010100000011010
