0110001111111111
1111110110101000
1001011101010000
1100011010010011
1111010111010110
1110001000000110
1100111000110110
1011010000100100
1001101000010001
1000111000010100
1000001000010111
1011100000110000
1110111001001010
1100010110110001
1001110100011000
0000110011110100
0111110011010001
0110001001110011
0100100000010101
1110110101101101
1001001011000101
1000111110010000
1000110001011011
1011101011101000
1110100101110110
0001001110101100
0011110111100011
1101111111110100
1000001000000100
1101111010010110
0011101100101000
1110101111100100
1001110010011111
1101001011000010
0000100011100100
0000011001111000
0000010000001011
0010111011010000
0101100110010110
0110000001000010
0110011011101110
0010001111101110
1110000011101110
0001101100001100
0101010100101010
0011110100110010
0010010100111011
0010001011010110
0010000001110010
0010000010010100
0010000010110110
1110011010110011
1010110010110000
0000100000010110
0110001101111100
0011000100101010
1111111011011001
0000101100011110
0001011101100100
1111001011000000
1100111000011101
1110110001000001
0000101001100101
0011010100110000
0101111111111011
0100011111110000
0010111111100110
0101000011011001
0111000111001100
0101110001000010
0100011010111001
0000100111000110
1100110011010011
0000100011000010
0100010010110001
1110001001111000
1000000001000000
1110010001110110
0100100010101100
0000100010110000
1100100010110011
1100010000001100
1011111101100110
1101101111000101
1111100000100100
1100100011110010
1001100111000000
1110101110100001
0011110110000010
0000011011001101
1101000000011000
1010110101101111
1000101011000110
1001010110000100
1010000001000010
1011000101100100
1100001010000101
0000011111111100
0100110101110011
0100110000110010
0100101011110010
1110110100010100
1000111100110111
1010100110010101
1100001111110011
0000100000111111
0100110010001011
0011000111010100
0001011100011101
1100111001011001
1000010110010101
1110000011111000
0011110001011100
0101010010000101
0110110010101110
0110101101111110
0110101001001111
0000000011011011
1001011101100111
1011111000101010
1110010011101100
1111101110000111
0001001000100010
0011101100010011
0110010000000100
0101001001010110
0100000010101001
1110001000001000
1000001101100111
1001000001111110
1001110110010101
0000100000100000
0111001010101100
0010010101100010
1101100000010111
0001110001001010
0110000001111110
0001011010011000
1100110010110001
1111101111111010
0010101101000011
0101010010010111
0111110111101011
1111111101111011
1000000100001011
1110001101001010
0100010110001010
1111101111011001
1011001000101000
1010101010001110
1010001011110011
1100101011111110
1111001100001001
1100001111011001
1001010010101001
1111110001001001
0110001111101001
0001001001000101
1100000010100001
1110111100011010
0001110110010100
1101001110011110
1000100110100111
1010011001101000
1100001100101001
1100111110011011
1101110000001101
0010000000001100
0110010000001100
0100100100100000
0010111000110011
0010110000011010
0010101000000001
1111110111011100
1101000110110111
1101111010000100
1110101101010001
1110101000100000
1110100011101111
1101110000010100
1100111100111001
1101101100010100
1110011011101111
1101110101110100
1101001111111010
0000111101101110
0100101011100011
0100111111001000
0101010010101100
0010110001101010
0000010000101001
1100011110110110
1000101101000010
1010011111000100
1100010001000111
1011011000110000
1010100000011010
