0110001111111111
0100101001101001
0011000011010011
0001011100111101
1111110110101000
1110010000010010
1100101001111100
1011000011100110
1001011101010000
1010001100100001
1010111011110010
1011101011000010
1100011010010011
1101001001100100
1101111000110100
1110101000000101
1111010111010110
1111000011100010
1110101111101110
1110011011111010
1110001000000110
1101110100010010
1101100000011110
1101001100101010
1100111000110110
1100011110110001
1100000100101101
1011101010101000
1011010000100100
1010110110011111
1010011100011010
1010000010010110
1001101000010001
1001011100010010
1001010000010010
1001000100010011
1000111000010100
1000101100010101
1000100000010110
1000010100010110
1000001000010111
1000111110011101
1001110100100100
1010101010101010
1011100000110000
1100010110110111
1101001100111101
1110000011000100
1110111001001010
1110010000100100
1101100111111110
1100111111010111
1100010110110001
1011101110001011
1011000101100100
1010011100111110
1001110100011000
1011100100001111
1101010100000110
1111000011111101
0000110011110100
0010100011101100
0100010011100011
0110000011011010
0111110011010001
0111011000111010
0110111110100010
0110100100001010
0110001001110011
0101101111011100
0101010101000100
0100111010101100
0100100000010101
0011000101101011
0001101011000001
0000010000010111
1110110101101101
1101011011000011
1100000000011001
1010100101101111
1001001011000101
1001000111111000
1001000100101010
1001000001011101
1000111110010000
1000111011000011
1000110111110110
1000110100101000
1000110001011011
1001011111111110
1010001110100010
1010111101000101
1011101011101000
1100011010001100
1101001000101111
1101110111010011
1110100101110110
1111010000000100
1111111010010001
0000100100011111
0001001110101100
0001111000111010
0010100011001000
0011001101010101
0011110111100011
0010011001100111
0000111011101011
1111011101101111
1101111111110100
1100100001111000
1011000011111100
1001100110000000
1000001000000100
1001100100101000
1011000001001101
1100011101110010
1101111010010110
1111010110111010
0000110011011111
0010010000000100
0011101100101000
0010011101010111
0001001110000110
1111111110110101
1110101111100100
1101100000010010
1100010001000001
1011000001110000
1001110010011111
1010101000101000
1011011110110000
1100010100111001
1101001011000010
1110000001001010
1110110111010011
1111101101011011
0000100011100100
0000100001001001
0000011110101110
0000011100010011
0000011001111000
0000010111011100
0000010101000001
0000010010100110
0000010000001011
0000111010111100
0001100101101110
0010010000011111
0010111011010000
0011100110000010
0100010000110011
0100111011100101
0101100110010110
0101101101000001
0101110011101100
0101111010010111
0110000001000010
0110000111101101
0110001110011000
0110010101000011
0110011011101110
0101011000101110
0100010101101110
0011010010101110
0010001111101110
0001001100101110
0000001001101110
1111000110101110
1110000011101110
1110111101110110
1111110111111101
0000110010000100
0001101100001100
0010100110010100
0011100000011011
0100011010100010
0101010100101010
0100111100101100
0100100100101110
0100001100110000
0011110100110010
0011011100110101
0011000100110111
0010101100111001
0010010100111011
0010010010100010
0010010000001001
0010001101110000
0010001011010110
0010001000111101
0010000110100100
0010000100001011
0010000001110010
0010000001111010
0010000010000011
0010000010001100
0010000010010100
0010000010011100
0010000010100101
0010000010101110
0010000010110110
0001001000110101
0000001110110100
1111010100110100
1110011010110011
1101100000110010
1100100110110010
1011101100110001
1010110010110000
1100001110001010
1101101001100011
1111000100111100
0000100000010110
0001111011110000
0011010111001001
0100110010100010
0110001101111100
0101011011101000
0100101001010011
0011110110111111
0011000100101010
0010010010010110
0001100000000010
0000101101101101
1111111011011001
0000000111101010
0000010011111100
0000100000001101
0000101100011110
0000111000110000
0001000101000001
0001010001010011
0001011101100100
0000111000111011
0000010100010010
1111101111101001
1111001011000000
1110100110011000
1110000001101111
1101011101000110
1100111000011101
1101010110100110
1101110100101111
1110010010111000
1110110001000001
1111001111001010
1111101101010011
0000001011011100
0000101001100101
0001010100011000
0001111111001010
0010101001111101
0011010100110000
0011111111100011
0100101010010110
0101010101001000
0101111111111011
0101100111111000
0101001111110110
0100110111110011
0100011111110000
0100000111101110
0011101111101011
0011010111101001
0010111111100110
0011100000100011
0100000001100000
0100100010011100
0101000011011001
0101100100010110
0110000101010010
0110100110001111
0111000111001100
0110110001101010
0110011100000111
0110000110100101
0101110001000010
0101011011100000
0101000101111110
0100110000011011
0100011010111001
0011011101111100
0010100001000000
0001100100000011
0000100111000110
1111101010001001
1110101101001100
1101110000010000
1100110011010011
1101101111001111
1110101011001010
1111100111000110
0000100011000010
0001011110111110
0010011010111010
0011010110110101
0100010010110001
0010110000100011
0001001110010101
1111101100000111
1110001001111000
1100100111101010
1011000101011100
1001100011001110
1000000001000000
1001100101001110
1011001001011011
1100101101101000
1110010001110110
1111110110000100
0001011010010001
0010111110011110
0100100010101100
0011100010101101
0010100010101110
0001100010101111
0000100010110000
1111100010110000
1110100010110001
1101100010110010
1100100010110011
1100011110001001
1100011001100000
1100010100110110
1100010000001100
1100001011100011
1100000110111001
1100000010010000
1011111101100110
1100011001111110
1100110110010110
1101010010101101
1101101111000101
1110001011011101
1110100111110100
1111000100001100
1111100000100100
1110110001011000
1110000010001011
1101010010111110
1100100011110010
1011110100100110
1011000101011001
1010010110001100
1001100111000000
1010111000111000
1100001010110000
1101011100101001
1110101110100001
0000000000011001
0001010010010010
0010100100001010
0011110110000010
0010111111010101
0010001000101000
0001010001111010
0000011011001101
1111100100100000
1110101101110010
1101110111000101
1101000000011000
1100011101101110
1011111011000100
1011011000011001
1010110101101111
1010010011000101
1001110000011010
1001001101110000
1000101011000110
1000110101110110
1001000000100101
1001001011010100
1001010110000100
1001100000110100
1001101011100011
1001110110010010
1010000001000010
1010010010001010
1010100011010011
1010110100011011
1011000101100100
1011010110101100
1011100111110100
1011111000111101
1100001010000101
1101001111100011
1110010101000000
1111011010011110
0000011111111100
0001100101011010
0010101010111000
0011110000010101
0100110101110011
0100110100100011
0100110011010011
0100110010000011
0100110000110010
0100101111100010
0100101110010010
0100101101000010
0100101011110010
0011001101111011
0001110000000011
0000010010001100
1110110100010100
1101010110011101
1011111000100110
1010011010101110
1000111100110111
1001010111001110
1001110001100110
1010001011111110
1010100110010101
1011000000101100
1011011011000100
1011110101011100
1100001111110011
1101010100000110
1110011000011001
1111011100101100
0000100000111111
0001100101010010
0010101001100101
0011101101111000
0100110010001011
0100010111011101
0011111100110000
0011100010000010
0011000111010100
0010101100100110
0010010001111000
0001110111001011
0001011100011101
0000010011101100
1111001010111011
1110000010001010
1100111001011001
1011110000101000
1010100111110111
1001011111000110
1000010110010101
1001110001101110
1011001101000111
1100101000100000
1110000011111000
1111011111010001
0000111010101010
0010010110000011
0011110001011100
0100001001100110
0100100001110000
0100111001111011
0101010010000101
0101101010001111
0110000010011010
0110011010100100
0110110010101110
0110110001100010
0110110000010110
0110101111001010
0110101101111110
0110101100110011
0110101011100111
0110101010011011
0110101001001111
0100111111110010
0011010110010101
0001101100111000
0000000011011011
1110011001111110
1100110000100001
1011000111000100
1001011101100111
1010000100011000
1010101011001000
1011010001111001
1011111000101010
1100011111011010
1101000110001011
1101101100111011
1110010011101100
1110101010010011
1111000000111010
1111010111100000
1111101110000111
0000000100101110
0000011011010100
0000110001111011
0001001000100010
0001110001011110
0010011010011010
0011000011010111
0011101100010011
0100010101001111
0100111110001100
0101100111001000
0110010000000100
0101111110011001
0101101100101101
0101011011000010
0101001001010110
0100110111101011
0100100110000000
0100010100010100
0100000010101001
0010100100000001
0001000101011000
1111100110110000
1110001000001000
1100101001100000
1011001010111000
1001101100001111
1000001101100111
1000011010101101
1000100111110010
1000110100111000
1001000001111110
1001001111000100
1001011100001010
1001101001001111
1001110110010101
1011100000111000
1101001011011011
1110110101111110
0000100000100000
0010001011000011
0011110101100110
0101100000001001
0111001010101100
0101111101011001
0100110000000111
0011100010110100
0010010101100010
0001001000001111
1111111010111100
1110101101101010
1101100000010111
1110100100100100
1111101000110001
0000101100111110
0001110001001010
0010110101010111
0011111001100100
0100111101110001
0110000001111110
0100111000000100
0011101110001011
0010100100010001
0001011010011000
0000010000011110
1111000110100100
1101111100101011
1100110010110001
1101100010000011
1110010001010110
1111000000101000
1111101111111010
0000011111001100
0001001110011110
0001111101110001
0010101101000011
0011010110011000
0011111111101101
0100101001000010
0101010010010111
0101111011101100
0110100101000001
0111001110010110
0111110111101011
0101111001001111
0011111010110011
0001111100010111
1111111101111011
1101111111011111
1100000001000011
1010000010100111
1000000100001011
1001100110011011
1011001000101011
1100101010111011
1110001101001010
1111101111011010
0001010001101010
0010110011111010
0100010110001010
0011001100011110
0010000010110010
0000111001000101
1111101111011001
1110100101101101
1101011100000000
1100010010010100
1011001000101000
1011000001000001
1010111001011011
1010110001110100
1010101010001110
1010100010100111
1010011011000000
1010010011011010
1010001011110011
1010110011110110
1011011011111000
1100000011111011
1100101011111110
1101010100000001
1101111100000100
1110100100000110
1111001100001001
1110011100111101
1101101101110001
1100111110100101
1100001111011001
1011100000001101
1010110001000001
1010000001110101
1001010010101001
1010111010010001
1100100001111001
1110001001100001
1111110001001001
0001011000110001
0011000000011001
0100101000000001
0110001111101001
0100111110000000
0011101100010111
0010011010101110
0001001001000101
1111110111011100
1110100101110011
1101010100001010
1100000010100001
1100110000111111
1101011111011110
1110001101111100
1110111100011010
1111101010111001
0000011001010111
0001000111110110
0001110110010100
0000101100010110
1111100010011001
1110011000011011
1101001110011110
1100000100100000
1010111010100010
1001110000100101
1000100110100111
1001000011010111
1001100000001000
1001111100111000
1010011001101000
1010110110011000
1011010011001000
1011101111111001
1100001100101001
1100011001000110
1100100101100010
1100110001111110
1100111110011011
1101001010111000
1101010111010100
1101100011110000
1101110000001101
1110110100001101
1111111000001101
0000111100001101
0010000000001100
0011000100001100
0100001000001100
0101001100001100
0110010000001100
0101110101010001
0101011010010110
0100111111011011
0100100100100000
0100001001100100
0011101110101001
0011010011101110
0010111000110011
0010110110101101
0010110100100110
0010110010100000
0010110000011010
0010101110010100
0010101100001110
0010101010000111
0010101000000001
0001111011111000
0001001111101110
0000100011100101
1111110111011100
1111001011010011
1110011111001010
1101110011000000
1101000110110111
1101010011101010
1101100000011110
1101101101010001
1101111010000100
1110000110110111
1110010011101010
1110100000011110
1110101101010001
1110101100000101
1110101010111000
1110101001101100
1110101000100000
1110100111010100
1110100110001000
1110100100111011
1110100011101111
1110010110111000
1110001010000010
1101111101001011
1101110000010100
1101100011011101
1101010110100110
1101001001110000
1100111100111001
1101001000110000
1101010100100110
1101100000011101
1101101100010100
1101111000001011
1110000100000010
1110001111111000
1110011011101111
1110010010010000
1110001000110010
1101111111010011
1101110101110100
1101101100010110
1101100010110111
1101011001011001
1101001111111010
1110001011010111
1111000110110100
0000000010010001
0000111101101110
0001111001001100
0010110100101001
0011110000000110
0100101011100011
0100110000011100
0100110101010101
0100111010001110
0100111111001000
0101000100000001
0101001000111010
0101001101110011
0101010010101100
0100101010011100
0100000010001011
0011011001111011
0010110001101010
0010001001011010
0001100001001010
0000111000111001
0000010000101001
1111010100001100
1110010111101111
1101011011010010
1100011110110110
1011100010011001
1010100101111100
1001101001011111
1000101101000010
1001001001100011
1001100110000011
1010000010100100
1010011111000100
1010111011100101
1011011000000110
1011110100100110
1100010001000111
1100000011000001
1011110100111100
1011100110110110
1011011000110000
1011001010101011
1010111100100101
1010101110100000
1010100000011010
