0110001111111111
0100000111100010
0001111111000101
1111110110101000
1101101110001010
1011100101101101
1001011101010000
1010011100010001
1011011011010010
1100011010010011
1101011001010100
1110011000010101
1111010111010110
1110111100111011
1110100010100001
1110001000000110
1101101101101011
1101010011010001
1100111000110110
1100010110000101
1011110011010100
1011010000100100
1010101101110011
1010001011000010
1001101000010001
1001011000010010
1001001000010011
1000111000010100
1000101000010101
1000011000010110
1000001000010111
1001010000100000
1010011000101000
1011100000110000
1100101000111001
1101110001000010
1110111001001010
1110000011000010
1101001100111001
1100010110110001
1011100000101001
1010101010100000
1001110100011000
1100001001100010
1110011110101011
0000110011110100
0011001000111110
0101011110001000
0111110011010001
0111010000000111
0110101100111101
0110001001110011
0101100110101001
0101000011011111
0100100000010101
0010100111011101
0000101110100101
1110110101101101
1100111100110101
1011000011111101
1001001011000101
1001000110110011
1001000010100010
1000111110010000
1000111001111110
1000110101101101
1000110001011011
1001101111100000
1010101101100100
1011101011101000
1100101001101101
1101100111110010
1110100101110110
1111011110001000
0000010110011010
0001001110101100
0010000110111111
0010111111010001
0011110111100011
0001111010010011
1111111101000011
1101111111110100
1100000010100100
1010000101010100
1000001000000100
1010000011011111
1011111110111011
1101111010010110
1111110101110001
0001110001001101
0011101100101000
0010000010111100
0000011001010000
1110101111100100
1101000101110111
1011011100001011
1001110010011111
1010111010101010
1100000010110110
1101001011000010
1110010011001101
1111011011011000
0000100011100100
0000100000010101
0000011101000110
0000011001111000
0000010110101001
0000010011011010
0000010000001011
0001001001001101
0010000010001111
0010111011010000
0011110100010010
0100101101010100
0101100110010110
0101101111001111
0101111000001001
0110000001000010
0110001001111011
0110010010110101
0110011011101110
0101000010011001
0011101001000011
0010001111101110
0000110110011001
1111011101000011
1110000011101110
1111010001001101
0000011110101101
0001101100001100
0010111001101011
0100000111001011
0101010100101010
0100110100101101
0100010100110000
0011110100110010
0011010100110101
0010110100111000
0010010100111011
0010010001101111
0010001110100011
0010001011010110
0010001000001010
0010000100111110
0010000001110010
0010000001111101
0010000010001001
0010000010010100
0010000010011111
0010000010101011
0010000010110110
0000110101100000
1111101000001001
1110011010110011
1101001101011101
1100000000000110
1010110010110000
1100101100100111
1110100110011111
0000100000010110
0010011010001101
0100010100000101
0110001101111100
0101001010110110
0100000111110000
0011000100101010
0010000001100101
0000111110011111
1111111011011001
0000001011110000
0000011100000111
0000101100011110
0000111100110110
0001001101001101
0001011101100100
0000101100101110
1111111011110111
1111001011000000
1110011010001010
1101101001010100
1100111000011101
1101100000101001
1110001000110101
1110110001000001
1111011001001101
0000000001011001
0000101001100101
0001100010101001
0010011011101100
0011010100110000
0100001101110100
0101000110110111
0101111111111011
0101011111111000
0100111111110100
0100011111110000
0011111111101101
0011011111101010
0010111111100110
0011101011100010
0100010111011101
0101000011011001
0101101111010101
0110011011010000
0111000111001100
0110101010011110
0110001101110000
0101110001000010
0101010100010101
0100110111100111
0100011010111001
0011001001101000
0001111000010111
0000100111000110
1111010101110101
1110000100100100
1100110011010011
1110000011001101
1111010011001000
0000100011000010
0001110010111100
0011000010110111
0100010010110001
0010001111110100
0000001100110110
1110001001111000
1100000110111011
1010000011111110
1000000001000000
1010000110100111
1100001100001111
1110010001110110
0000010111011101
0010011101000101
0100100010101100
0011001101011000
0001111000000100
0000100010110000
1111001101011011
1101111000000111
1100100010110011
1100011100100110
1100010110011001
1100010000001100
1100001010000000
1100000011110011
1011111101100110
1100100011011011
1101001001010000
1101101111000101
1110010100111010
1110111010101111
1111100000100100
1110100001101001
1101100010101101
1100100011110010
1011100100110111
1010100101111011
1001100111000000
1011010100001011
1101000001010110
1110101110100001
0000011011101100
0010001000110111
0011110110000010
0010101101000110
0001100100001001
0000011011001101
1111010010010001
1110001001010100
1101000000011000
1100010010001010
1011100011111101
1010110101101111
1010000111100001
1001011001010100
1000101011000110
1000111001011011
1001000111101111
1001010110000100
1001100100011001
1001110010101101
1010000001000010
1010010111111000
1010101110101110
1011000101100100
1011011100011001
1011110011001111
1100001010000101
1101100110101101
1111000011010100
0000011111111100
0001111100100100
0011011001001011
0100110101110011
0100110100001000
0100110010011101
0100110000110010
0100101111001000
0100101101011101
0100101011110010
0010101110101000
0000110001011110
1110110100010100
1100110111001011
1010111010000001
1000111100110111
1001100000000001
1010000011001011
1010100110010101
1011001001011111
1011101100101001
1100001111110011
1101101010110111
1111000101111011
0000100000111111
0001111100000011
0011010111000111
0100110010001011
0100001110100011
0011101010111100
0011000111010100
0010100011101100
0010000000000101
0001011100011101
1111111011011100
1110011010011010
1100111001011001
1011011000011000
1001110111010110
1000010110010101
1010010000001100
1100001010000010
1110000011111000
1111111101101111
0001110111100110
0011110001011100
0100010001101010
0100110001110111
0101010010000101
0101110010010011
0110010010100000
0110110010101110
0110110001001001
0110101111100100
0110101101111110
0110101100011001
0110101010110100
0110101001001111
0100011100101000
0010010000000010
0000000011011011
1101110110110100
1011101010001110
1001011101100111
1010010001010010
1011000100111110
1011111000101010
1100101100010101
1101100000000000
1110010011101100
1110110001110101
1111001111111110
1111101110000111
0000001100010000
0000101010011001
0001001000100010
0001111111001000
0010110101101101
0011101100010011
0100100010111001
0101011001011110
0110010000000100
0101111000100000
0101100000111011
0101001001010110
0100110001110010
0100011010001110
0100000010101001
0010000100011110
0000000110010011
1110001000001000
1100001001111101
1010001011110010
1000001101100111
1000011111000100
1000110000100001
1001000001111110
1001010011011011
1001100100111000
1001110110010101
1100000100011001
1110010010011101
0000100000100000
0010101110100100
0100111100101000
0111001010101100
0101100011101000
0011111100100101
0010010101100010
0000101110011110
1111000111011010
1101100000010111
1110111011010011
0000010110001111
0001110001001010
0011001100000110
0100100111000010
0110000001111110
0100011111011100
0010111100111010
0001011010011000
1111110111110101
1110010101010011
1100110010110001
1101110001110100
1110110000110111
1111101111111010
0000101110111101
0001101110000000
0010101101000011
0011100100001010
0100011011010000
0101010010010111
0110001001011110
0111000000100100
0111110111101011
0101001111000110
0010100110100000
1111111101111011
1101010101010110
1010101100110000
1000000100001011
1010000111001011
1100001010001011
1110001101001010
0000010000001010
0010010011001010
0100010110001010
0010110011111010
0001010001101001
1111101111011001
1110001101001001
1100101010111000
1011001000101000
1010111110011111
1010110100010110
1010101010001110
1010100000000101
1010010101111100
1010001011110011
1011000001001100
1011110110100101
1100101011111110
1101100001010111
1110010110110000
1111001100001001
1110001101001110
1101001110010100
1100001111011001
1011010000011110
1010010001100100
1001010010101001
1011011100110100
1101100110111110
1111110001001001
0001111011010100
0100000101011110
0110001111101001
0100100010110010
0010110101111100
0001001001000101
1111011100001110
1101101111011000
1100000010100001
1101000000011111
1101111110011101
1110111100011010
1111111010011000
0000111000010110
0001110110010100
0000010011101100
1110110001000101
1101001110011110
1011101011110110
1010001001001110
1000100110100111
1001001100111101
1001110011010010
1010011001101000
1010111111111110
1011100110010011
1100001100101001
1100011101001111
1100101101110101
1100111110011011
1101001111000001
1101011111100111
1101110000001101
1111001010111000
0000100101100010
0010000000001100
0011011010110111
0100110101100010
0110010000001100
0101101100010010
0101001000011001
0100100100100000
0100000000100110
0011011100101100
0010111000110011
0010110110000000
0010110011001101
0010110000011010
0010101101100111
0010101010110100
0010101000000001
0001101101001010
0000110010010011
1111110111011100
1110111100100101
1110000001101110
1101000110110111
1101010111111011
1101101001000000
1101111010000100
1110001011001000
1110011100001101
1110101101010001
1110101011101011
1110101010000110
1110101000100000
1110100110111010
1110100101010101
1110100011101111
1110010010100110
1110000001011101
1101110000010100
1101011111001011
1101001110000010
1100111100111001
1101001100101101
1101011100100000
1101101100010100
1101111100001000
1110001011111011
1110011011101111
1110001111000110
1110000010011101
1101110101110100
1101101001001100
1101011100100011
1101001111111010
1110011111001100
1111101110011101
0000111101101110
0010001101000000
0011011100010010
0100101011100011
0100110010000100
0100111000100110
0100111111001000
0101000101101001
0101001100001010
0101010010101100
0100011101000001
0011100111010110
0010110001101010
0001111011111111
0001000110010100
0000010000101001
1111000000000010
1101101111011100
1100011110110110
1011001110001111
1001111101101000
1000101101000010
1001010011000011
1001111001000100
1010011111000100
1011000101000101
1011101011000110
1100010001000111
1011111110010101
1011101011100011
1011011000110000
1011000101111110
1010110011001100
1010100000011010
