0110001111111111
0110001111111111
0110001111111111
0110001111111111
0110001111111111
0110001111111111
0110001111111111
0110001111111111
1001011101010000
1001011101010000
1001011101010000
1001011101010000
1001011101010000
1001011101010000
1001011101010000
1001011101010000
1111010111010110
1111010111010110
1111010111010110
1111010111010110
1111010111010110
1111010111010110
1111010111010110
1111010111010110
1100111000110110
1100111000110110
1100111000110110
1100111000110110
1100111000110110
1100111000110110
1100111000110110
1100111000110110
1001101000010001
1001101000010001
1001101000010001
1001101000010001
1001101000010001
1001101000010001
1001101000010001
1001101000010001
1000001000010111
1000001000010111
1000001000010111
1000001000010111
1000001000010111
1000001000010111
1000001000010111
1000001000010111
1110111001001010
1110111001001010
1110111001001010
1110111001001010
1110111001001010
1110111001001010
1110111001001010
1110111001001010
1001110100011000
1001110100011000
1001110100011000
1001110100011000
1001110100011000
1001110100011000
1001110100011000
1001110100011000
0111110011010001
0111110011010001
0111110011010001
0111110011010001
0111110011010001
0111110011010001
0111110011010001
0111110011010001
0100100000010101
0100100000010101
0100100000010101
0100100000010101
0100100000010101
0100100000010101
0100100000010101
0100100000010101
1001001011000101
1001001011000101
1001001011000101
1001001011000101
1001001011000101
1001001011000101
1001001011000101
1001001011000101
1000110001011011
1000110001011011
1000110001011011
1000110001011011
1000110001011011
1000110001011011
1000110001011011
1000110001011011
1110100101110110
1110100101110110
1110100101110110
1110100101110110
1110100101110110
1110100101110110
1110100101110110
1110100101110110
0011110111100011
0011110111100011
0011110111100011
0011110111100011
0011110111100011
0011110111100011
0011110111100011
0011110111100011
1000001000000100
1000001000000100
1000001000000100
1000001000000100
1000001000000100
1000001000000100
1000001000000100
1000001000000100
0011101100101000
0011101100101000
0011101100101000
0011101100101000
0011101100101000
0011101100101000
0011101100101000
0011101100101000
1001110010011111
1001110010011111
1001110010011111
1001110010011111
1001110010011111
1001110010011111
1001110010011111
1001110010011111
0000100011100100
0000100011100100
0000100011100100
0000100011100100
0000100011100100
0000100011100100
0000100011100100
0000100011100100
0000010000001011
0000010000001011
0000010000001011
0000010000001011
0000010000001011
0000010000001011
0000010000001011
0000010000001011
0101100110010110
0101100110010110
0101100110010110
0101100110010110
0101100110010110
0101100110010110
0101100110010110
0101100110010110
0110011011101110
0110011011101110
0110011011101110
0110011011101110
0110011011101110
0110011011101110
0110011011101110
0110011011101110
1110000011101110
1110000011101110
1110000011101110
1110000011101110
1110000011101110
1110000011101110
1110000011101110
1110000011101110
0101010100101010
0101010100101010
0101010100101010
0101010100101010
0101010100101010
0101010100101010
0101010100101010
0101010100101010
0010010100111011
0010010100111011
0010010100111011
0010010100111011
0010010100111011
0010010100111011
0010010100111011
0010010100111011
0010000001110010
0010000001110010
0010000001110010
0010000001110010
0010000001110010
0010000001110010
0010000001110010
0010000001110010
0010000010110110
0010000010110110
0010000010110110
0010000010110110
0010000010110110
0010000010110110
0010000010110110
0010000010110110
1010110010110000
1010110010110000
1010110010110000
1010110010110000
1010110010110000
1010110010110000
1010110010110000
1010110010110000
0110001101111100
0110001101111100
0110001101111100
0110001101111100
0110001101111100
0110001101111100
0110001101111100
0110001101111100
1111111011011001
1111111011011001
1111111011011001
1111111011011001
1111111011011001
1111111011011001
1111111011011001
1111111011011001
0001011101100100
0001011101100100
0001011101100100
0001011101100100
0001011101100100
0001011101100100
0001011101100100
0001011101100100
1100111000011101
1100111000011101
1100111000011101
1100111000011101
1100111000011101
1100111000011101
1100111000011101
1100111000011101
0000101001100101
0000101001100101
0000101001100101
0000101001100101
0000101001100101
0000101001100101
0000101001100101
0000101001100101
0101111111111011
0101111111111011
0101111111111011
0101111111111011
0101111111111011
0101111111111011
0101111111111011
0101111111111011
0010111111100110
0010111111100110
0010111111100110
0010111111100110
0010111111100110
0010111111100110
0010111111100110
0010111111100110
0111000111001100
0111000111001100
0111000111001100
0111000111001100
0111000111001100
0111000111001100
0111000111001100
0111000111001100
0100011010111001
0100011010111001
0100011010111001
0100011010111001
0100011010111001
0100011010111001
0100011010111001
0100011010111001
1100110011010011
1100110011010011
1100110011010011
1100110011010011
1100110011010011
1100110011010011
1100110011010011
1100110011010011
0100010010110001
0100010010110001
0100010010110001
0100010010110001
0100010010110001
0100010010110001
0100010010110001
0100010010110001
1000000001000000
1000000001000000
1000000001000000
1000000001000000
1000000001000000
1000000001000000
1000000001000000
1000000001000000
0100100010101100
0100100010101100
0100100010101100
0100100010101100
0100100010101100
0100100010101100
0100100010101100
0100100010101100
1100100010110011
1100100010110011
1100100010110011
1100100010110011
1100100010110011
1100100010110011
1100100010110011
1100100010110011
1011111101100110
1011111101100110
1011111101100110
1011111101100110
1011111101100110
1011111101100110
1011111101100110
1011111101100110
1111100000100100
1111100000100100
1111100000100100
1111100000100100
1111100000100100
1111100000100100
1111100000100100
1111100000100100
1001100111000000
1001100111000000
1001100111000000
1001100111000000
1001100111000000
1001100111000000
1001100111000000
1001100111000000
0011110110000010
0011110110000010
0011110110000010
0011110110000010
0011110110000010
0011110110000010
0011110110000010
0011110110000010
1101000000011000
1101000000011000
1101000000011000
1101000000011000
1101000000011000
1101000000011000
1101000000011000
1101000000011000
1000101011000110
1000101011000110
1000101011000110
1000101011000110
1000101011000110
1000101011000110
1000101011000110
1000101011000110
1010000001000010
1010000001000010
1010000001000010
1010000001000010
1010000001000010
1010000001000010
1010000001000010
1010000001000010
1100001010000101
1100001010000101
1100001010000101
1100001010000101
1100001010000101
1100001010000101
1100001010000101
1100001010000101
0100110101110011
0100110101110011
0100110101110011
0100110101110011
0100110101110011
0100110101110011
0100110101110011
0100110101110011
0100101011110010
0100101011110010
0100101011110010
0100101011110010
0100101011110010
0100101011110010
0100101011110010
0100101011110010
1000111100110111
1000111100110111
1000111100110111
1000111100110111
1000111100110111
1000111100110111
1000111100110111
1000111100110111
1100001111110011
1100001111110011
1100001111110011
1100001111110011
1100001111110011
1100001111110011
1100001111110011
1100001111110011
0100110010001011
0100110010001011
0100110010001011
0100110010001011
0100110010001011
0100110010001011
0100110010001011
0100110010001011
0001011100011101
0001011100011101
0001011100011101
0001011100011101
0001011100011101
0001011100011101
0001011100011101
0001011100011101
1000010110010101
1000010110010101
1000010110010101
1000010110010101
1000010110010101
1000010110010101
1000010110010101
1000010110010101
0011110001011100
0011110001011100
0011110001011100
0011110001011100
0011110001011100
0011110001011100
0011110001011100
0011110001011100
0110110010101110
0110110010101110
0110110010101110
0110110010101110
0110110010101110
0110110010101110
0110110010101110
0110110010101110
0110101001001111
0110101001001111
0110101001001111
0110101001001111
0110101001001111
0110101001001111
0110101001001111
0110101001001111
1001011101100111
1001011101100111
1001011101100111
1001011101100111
1001011101100111
1001011101100111
1001011101100111
1001011101100111
1110010011101100
1110010011101100
1110010011101100
1110010011101100
1110010011101100
1110010011101100
1110010011101100
1110010011101100
0001001000100010
0001001000100010
0001001000100010
0001001000100010
0001001000100010
0001001000100010
0001001000100010
0001001000100010
0110010000000100
0110010000000100
0110010000000100
0110010000000100
0110010000000100
0110010000000100
0110010000000100
0110010000000100
0100000010101001
0100000010101001
0100000010101001
0100000010101001
0100000010101001
0100000010101001
0100000010101001
0100000010101001
1000001101100111
1000001101100111
1000001101100111
1000001101100111
1000001101100111
1000001101100111
1000001101100111
1000001101100111
1001110110010101
1001110110010101
1001110110010101
1001110110010101
1001110110010101
1001110110010101
1001110110010101
1001110110010101
0111001010101100
0111001010101100
0111001010101100
0111001010101100
0111001010101100
0111001010101100
0111001010101100
0111001010101100
1101100000010111
1101100000010111
1101100000010111
1101100000010111
1101100000010111
1101100000010111
1101100000010111
1101100000010111
0110000001111110
0110000001111110
0110000001111110
0110000001111110
0110000001111110
0110000001111110
0110000001111110
0110000001111110
1100110010110001
1100110010110001
1100110010110001
1100110010110001
1100110010110001
1100110010110001
1100110010110001
1100110010110001
0010101101000011
0010101101000011
0010101101000011
0010101101000011
0010101101000011
0010101101000011
0010101101000011
0010101101000011
0111110111101011
0111110111101011
0111110111101011
0111110111101011
0111110111101011
0111110111101011
0111110111101011
0111110111101011
1000000100001011
1000000100001011
1000000100001011
1000000100001011
1000000100001011
1000000100001011
1000000100001011
1000000100001011
0100010110001010
0100010110001010
0100010110001010
0100010110001010
0100010110001010
0100010110001010
0100010110001010
0100010110001010
1011001000101000
1011001000101000
1011001000101000
1011001000101000
1011001000101000
1011001000101000
1011001000101000
1011001000101000
1010001011110011
1010001011110011
1010001011110011
1010001011110011
1010001011110011
1010001011110011
1010001011110011
1010001011110011
1111001100001001
1111001100001001
1111001100001001
1111001100001001
1111001100001001
1111001100001001
1111001100001001
1111001100001001
1001010010101001
1001010010101001
1001010010101001
1001010010101001
1001010010101001
1001010010101001
1001010010101001
1001010010101001
0110001111101001
0110001111101001
0110001111101001
0110001111101001
0110001111101001
0110001111101001
0110001111101001
0110001111101001
1100000010100001
1100000010100001
1100000010100001
1100000010100001
1100000010100001
1100000010100001
1100000010100001
1100000010100001
0001110110010100
0001110110010100
0001110110010100
0001110110010100
0001110110010100
0001110110010100
0001110110010100
0001110110010100
1000100110100111
1000100110100111
1000100110100111
1000100110100111
1000100110100111
1000100110100111
1000100110100111
1000100110100111
1100001100101001
1100001100101001
1100001100101001
1100001100101001
1100001100101001
1100001100101001
1100001100101001
1100001100101001
1101110000001101
1101110000001101
1101110000001101
1101110000001101
1101110000001101
1101110000001101
1101110000001101
1101110000001101
0110010000001100
0110010000001100
0110010000001100
0110010000001100
0110010000001100
0110010000001100
0110010000001100
0110010000001100
0010111000110011
0010111000110011
0010111000110011
0010111000110011
0010111000110011
0010111000110011
0010111000110011
0010111000110011
0010101000000001
0010101000000001
0010101000000001
0010101000000001
0010101000000001
0010101000000001
0010101000000001
0010101000000001
1101000110110111
1101000110110111
1101000110110111
1101000110110111
1101000110110111
1101000110110111
1101000110110111
1101000110110111
1110101101010001
1110101101010001
1110101101010001
1110101101010001
1110101101010001
1110101101010001
1110101101010001
1110101101010001
1110100011101111
1110100011101111
1110100011101111
1110100011101111
1110100011101111
1110100011101111
1110100011101111
1110100011101111
1100111100111001
1100111100111001
1100111100111001
1100111100111001
1100111100111001
1100111100111001
1100111100111001
1100111100111001
1110011011101111
1110011011101111
1110011011101111
1110011011101111
1110011011101111
1110011011101111
1110011011101111
1110011011101111
1101001111111010
1101001111111010
1101001111111010
1101001111111010
1101001111111010
1101001111111010
1101001111111010
1101001111111010
0100101011100011
0100101011100011
0100101011100011
0100101011100011
0100101011100011
0100101011100011
0100101011100011
0100101011100011
0101010010101100
0101010010101100
0101010010101100
0101010010101100
0101010010101100
0101010010101100
0101010010101100
0101010010101100
0000010000101001
0000010000101001
0000010000101001
0000010000101001
0000010000101001
0000010000101001
0000010000101001
0000010000101001
1000101101000010
1000101101000010
1000101101000010
1000101101000010
1000101101000010
1000101101000010
1000101101000010
1000101101000010
1100010001000111
1100010001000111
1100010001000111
1100010001000111
1100010001000111
1100010001000111
1100010001000111
1100010001000111
1010100000011010
1010100000011010
1010100000011010
1010100000011010
1010100000011010
1010100000011010
1010100000011010
1010100000011010
